397 Number of Points
789 Number of Cells
2 Number of Boundary Curves
364 Number of Edges Belong to Each Curves
30 Number of Edges Belong to Each Curves
1 2
2 3
3 4
4 5
5 6
6 7
7 8
8 9
9 10
10 11
11 12
12 13
13 14
14 15
15 16
16 17
17 18
18 19
19 20
20 21
21 22
22 23
23 24
24 25
25 26
26 27
27 28
28 29
29 30
30 31
31 32
32 33
33 34
34 35
35 36
36 37
37 38
38 39
39 40
40 41
41 42
42 43
43 44
44 45
45 46
46 47
47 48
48 49
49 50
50 51
51 52
52 53
53 54
54 55
55 56
56 57
57 58
58 59
59 60
60 61
61 62
62 63
63 64
64 65
65 66
66 67
67 68
68 69
69 70
70 71
71 72
72 73
73 74
74 75
75 76
76 77
77 78
78 79
79 80
80 81
81 82
82 83
83 84
84 85
85 86
86 87
87 88
88 89
89 90
90 91
91 92
92 93
93 94
94 95
95 96
96 97
97 98
98 99
99 100
100 101
101 102
102 103
103 104
104 105
105 106
106 107
107 108
108 109
109 110
110 111
111 112
112 113
113 114
114 115
115 116
116 117
117 118
118 119
119 120
120 121
121 122
122 123
123 124
124 125
125 126
126 127
127 128
128 129
129 130
130 131
131 132
132 133
133 134
134 135
135 136
136 137
137 138
138 139
139 140
140 141
141 142
142 143
143 144
144 145
145 146
146 147
147 148
148 149
149 150
150 151
151 152
152 153
153 154
154 155
155 156
156 157
157 158
158 159
159 160
160 161
161 162
162 163
163 164
164 165
165 166
166 167
167 168
168 169
169 170
170 171
171 172
172 173
173 174
174 175
175 176
176 177
177 178
178 179
179 180
180 181
181 182
182 183
183 184
184 185
185 186
186 187
187 188
188 189
189 190
190 191
191 192
192 193
193 194
194 195
195 196
196 197
197 198
198 199
199 200
200 201
201 202
202 203
203 204
204 205
205 206
206 207
207 208
208 209
209 210
210 211
211 212
212 213
213 214
214 215
215 216
216 217
217 218
218 219
219 220
220 221
221 222
222 223
223 224
224 225
225 226
226 227
227 228
228 229
229 230
230 231
231 232
232 233
233 234
234 235
235 236
236 237
237 238
238 239
239 240
240 241
241 242
242 243
243 244
244 245
245 246
246 247
247 248
248 249
249 250
250 251
251 252
252 253
253 254
254 255
255 256
256 257
257 258
258 259
259 260
260 261
261 262
262 263
263 264
264 265
265 266
266 267
267 268
268 269
269 270
270 271
271 272
272 273
273 274
274 275
275 276
276 277
277 278
278 279
279 280
280 281
281 282
282 283
283 284
284 285
285 286
286 287
287 288
288 289
289 290
290 291
291 292
292 293
293 294
294 295
295 296
296 297
297 298
298 299
299 300
300 301
301 302
302 303
303 304
304 305
305 306
306 307
307 308
308 309
309 310
310 311
311 312
312 313
313 314
314 315
315 316
316 317
317 318
318 319
319 320
320 321
321 322
322 323
323 324
324 325
325 326
326 327
327 328
328 329
329 330
330 331
331 332
332 333
333 334
334 335
335 336
336 337
337 338
338 339
339 340
340 341
341 342
342 343
343 344
344 345
345 346
346 347
347 348
348 349
349 350
350 351
351 352
352 353
353 354
354 355
355 356
356 357
357 358
358 359
359 360
360 361
361 362
362 363
363 364
364 1
365 366
366 367
367 368
368 369
369 370
370 371
371 372
372 373
373 374
374 375
375 376
376 377
377 378
378 379
379 380
380 381
381 382
382 383
383 384
384 385
385 386
386 387
387 388
388 389
389 390
390 391
391 392
392 393
393 394
394 365
377	376	199	1
403	742	755	1
269	97	268	2
360	541	363	2
389	388	49	3
103	101	779	3
329	38	328	4
584	661	586	4
385	384	134	5
273	271	771	5
253	113	114	6
231	304	306	6
389	2	1	7
729	781	9	7
324	42	323	8
568	651	570	8
389	3	2	9
727	7	11	9
276	89	90	10
766	384	386	10
389	4	3	11
722	9	13	11
256	110	255	12
310	515	312	12
389	5	4	13
716	11	15	13
273	93	272	14
372	549	374	14
389	6	5	15
714	13	17	15
301	64	65	16
133	480	482	16
389	7	6	17
708	15	19	17
286	80	285	18
421	575	422	18
389	8	7	19
704	17	21	19
282	84	281	20
404	567	406	20
389	9	8	21
702	19	23	21
251	115	116	22
235	298	300	22
389	10	9	23
698	21	25	23
236	131	132	24
267	258	260	24
389	11	10	25
692	23	27	25
235	132	133	26
269	256	258	26
389	12	11	27
688	25	29	27
243	125	242	28
82	489	42	28
389	13	12	29
686	27	31	29
240	128	239	30
266	483	92	30
389	14	13	31
680	29	33	31
233	134	135	32
273	254	94	32
389	15	14	33
676	31	35	33
231	137	230	34
246	465	248	34
389	16	15	35
674	33	37	35
225	143	224	36
96	453	236	36
389	17	16	37
670	35	39	37
223	145	222	38
122	449	40	38
389	18	17	39
664	37	41	39
223	144	145	40
293	38	78	40
389	19	18	41
660	39	43	41
243	124	125	42
253	28	272	42
389	20	19	43
656	41	45	43
271	94	95	44
193	368	370	44
389	21	20	45
654	43	47	45
265	100	101	46
205	348	350	46
389	22	21	47
648	45	49	47
255	111	254	48
64	513	310	48
389	23	22	49
644	47	51	49
228	140	227	50
240	459	242	50
389	24	23	51
642	49	53	51
216	152	215	52
218	435	220	52
389	25	24	53
638	51	55	53
213	154	155	54
313	212	214	54
389	26	25	55
632	53	57	55
245	123	244	56
274	493	276	56
389	27	26	57
628	55	59	57
238	129	130	58
263	264	84	58
389	28	27	59
624	57	61	59
212	155	156	60
315	110	212	60
389	29	28	61
620	59	63	61
208	160	207	62
202	419	204	62
389	30	29	63
616	61	65	63
254	111	112	64
227	308	48	64
389	31	30	65
612	63	67	65
250	116	117	66
237	296	298	66
389	32	31	67
608	65	69	67
241	126	127	68
257	268	270	68
389	33	32	69
604	67	71	69
229	139	228	70
242	461	76	70
389	34	33	71
600	69	73	71
209	158	159	72
321	100	206	72
389	35	34	73
598	71	75	73
207	161	206	74
200	417	202	74
389	36	35	75
592	73	768	75
229	138	139	76
281	70	244	76
384	383	150	77
305	303	769	77
224	144	223	78
40	451	96	78
389	38	37	79
586	768	81	79
204	163	164	80
331	196	118	80
389	39	38	81
582	79	83	81
242	125	126	82
255	270	28	82
389	40	39	83
578	81	85	83
239	129	238	84
58	481	266	84
389	41	40	85
574	83	87	85
226	141	142	86
287	238	102	86
389	42	41	87
570	85	89	87
201	165	166	88
335	126	192	88
389	43	42	89
568	87	91	89
199	167	168	90
339	162	150	90
389	44	43	91
566	89	93	91
240	127	128	92
259	30	268	92
389	45	44	93
560	91	95	93
234	134	233	94
32	471	114	94
389	46	45	95
558	93	97	95
224	143	144	96
291	78	36	96
389	47	46	97
552	95	99	97
188	178	180	98
140	176	144	98
389	48	47	99
550	97	101	99
209	159	208	100
204	418	72	100
389	49	48	101
544	99	3	101
227	141	226	102
86	457	240	102
388	50	49	103
540	3	105	103
184	180	182	104
172	106	174	104
388	51	50	105
538	103	107	105
184	182	183	106
369	371	104	106
388	52	51	107
532	105	109	107
219	148	149	108
301	226	228	108
388	53	52	109
528	107	111	109
212	156	211	110
210	427	60	110
388	54	53	111
524	109	113	111
191	175	176	112
355	166	180	112
388	55	54	113
520	111	115	113
234	133	134	114
271	94	256	114
388	56	55	115
516	113	117	115
218	149	150	116
303	224	226	116
388	57	56	117
514	115	119	117
205	163	204	118
80	413	154	118
388	58	57	119
508	117	121	119
193	174	192	120
156	389	146	120
388	59	58	121
504	119	123	121
222	145	146	122
295	234	38	122
388	60	59	123
500	121	125	123
221	146	147	124
297	232	234	124
388	61	60	125
496	123	127	125
201	166	200	126
190	405	88	126
388	62	61	127
492	125	129	127
197	170	196	128
188	397	138	128
388	63	62	129
488	127	131	129
210	157	158	130
319	206	208	130
388	64	63	131
486	129	133	131
203	164	165	132
333	194	196	132
388	65	64	133
16	131	135	133
196	171	195	134
186	395	188	134
388	66	65	135
480	133	137	135
194	173	193	136
146	391	182	136
388	67	66	137
474	135	139	137
197	169	170	138
343	128	142	138
388	68	67	139
470	137	141	139
180	178	179	140
361	750	98	140
388	69	68	141
466	139	143	141
198	169	197	142
138	399	148	142
388	70	69	143
462	141	145	143
189	178	188	144
98	381	168	144
388	71	70	145
460	143	147	145
193	173	174	146
351	120	136	146
388	72	71	147
454	145	149	147
198	168	169	148
341	142	162	148
388	73	72	149
450	147	151	149
200	167	199	150
90	403	190	150
388	74	73	151
448	149	153	151
217	150	151	152
305	222	224	152
388	75	74	153
442	151	155	153
205	162	163	154
329	118	198	154
388	76	75	155
438	153	157	155
192	174	175	156
752	180	120	156
388	77	76	157
434	155	159	157
215	153	214	158
216	433	218	158
388	78	77	159
430	157	777	159
190	176	177	160
357	178	166	160
387	79	78	161
426	777	163	161
199	168	198	162
148	742	90	162
387	80	79	163
422	161	165	163
187	180	186	164
174	748	176	164
387	81	80	165
421	163	167	165
191	176	190	166
160	746	112	166
387	82	81	167
414	165	169	167
189	177	178	168
359	144	178	168
387	83	82	169
410	167	171	169
186	184	185	170
373	375	174	170
387	84	83	171
406	169	173	171
182	180	181	172
365	367	104	172
387	85	84	173
404	171	175	173
186	180	184	174
104	170	164	174
387	86	85	175
400	173	177	175
188	180	187	176
164	379	98	176
387	87	86	177
396	175	179	177
190	177	189	178
168	383	160	178
387	88	87	179
394	177	181	179
192	175	191	180
112	387	156	180
387	89	88	181
388	179	766	181
194	172	173	182
349	136	184	182
383	382	161	183
327	322	767	183
195	172	194	184
182	744	186	184
387	91	90	185
382	766	187	185
195	171	172	186
347	184	134	186
387	92	91	187
378	185	189	187
196	170	171	188
345	134	128	188
387	93	92	189
374	187	191	189
200	166	167	190
337	150	126	190
387	94	93	191
372	189	193	191
202	165	201	192
88	407	194	192
387	95	94	193
44	191	195	193
203	165	202	194
192	409	132	194
387	96	95	195
366	193	197	195
204	164	203	196
132	411	80	196
387	97	96	197
363	195	199	197
206	162	205	198
154	415	200	198
387	98	97	199
360	197	201	199
206	161	162	200
327	198	74	200
387	99	98	201
356	199	775	201
207	160	161	202
322	74	62	202
386	100	99	203
352	775	205	203
208	159	160	204
323	62	100	204
386	101	100	205
46	203	207	205
210	158	209	206
72	423	130	206
386	102	101	207
346	205	209	207
211	157	210	208
130	425	210	208
386	103	102	209
342	207	211	209
211	156	157	210
317	208	110	210
386	104	103	211
338	209	213	211
213	155	212	212
60	429	54	212
386	105	104	213
334	211	215	213
214	154	213	214
54	431	216	214
386	106	105	215
330	213	217	215
214	153	154	216
311	214	158	216
386	107	106	217
326	215	219	217
215	152	153	218
309	158	52	218
386	108	107	219
320	217	221	219
216	151	152	220
307	52	222	220
386	109	108	221
316	219	223	221
217	151	216	222
220	437	152	222
386	110	109	223
312	221	225	223
218	150	217	224
152	439	116	224
386	111	110	225
310	223	227	225
219	149	218	226
116	441	108	226
386	112	111	227
64	225	229	227
220	148	219	228
108	443	230	228
386	113	112	229
308	227	231	229
220	147	148	230
299	228	232	230
386	114	113	231
6	229	233	231
221	147	220	232
230	445	124	232
386	115	114	233
302	231	235	233
222	146	221	234
124	447	122	234
386	116	115	235
22	233	237	235
225	142	143	236
289	36	238	236
386	117	116	237
66	235	730	237
226	142	225	238
236	455	86	238
385	118	117	239
294	730	764	239
227	140	141	240
285	102	50	240
382	381	168	241
341	339	754	241
228	139	140	242
283	50	70	242
385	120	119	243
286	764	245	243
230	138	229	244
76	463	246	244
385	121	120	245
282	243	247	245
230	137	138	246
279	244	34	246
385	122	121	247
278	245	249	247
231	136	137	248
277	34	250	248
385	123	122	249
276	247	251	249
232	136	231	250
248	467	252	250
385	124	123	251
274	249	253	251
232	135	136	252
275	250	254	252
385	125	124	253
42	251	255	253
233	135	232	254
252	469	32	254
385	126	125	255
82	253	257	255
235	133	234	256
114	473	26	256
385	127	126	257
68	255	259	257
236	132	235	258
26	475	24	258
385	128	127	259
92	257	261	259
237	131	236	260
24	477	262	260
385	129	128	261
266	259	263	261
237	130	131	262
265	260	264	262
385	130	129	263
58	261	265	263
238	130	237	264
262	479	58	264
385	131	130	265
262	263	267	265
239	128	129	266
261	84	30	266
385	132	131	267
24	265	269	267
241	127	240	268
92	485	68	268
385	133	132	269
26	267	271	269
242	126	241	270
68	487	82	270
385	134	133	271
114	269	5	271
244	124	243	272
42	491	274	272
384	135	134	273
32	5	275	273
244	123	124	274
251	272	56	274
384	136	135	275
252	273	277	275
245	122	123	276
249	56	278	276
384	137	136	277
248	275	279	277
245	121	122	278
247	276	280	278
384	138	137	279
246	277	281	279
246	121	245	280
278	495	282	280
384	139	138	281
76	279	283	281
246	120	121	282
245	280	284	282
384	140	139	283
242	281	285	283
247	120	246	284
282	497	286	284
384	141	140	285
240	283	287	285
247	119	120	286
243	284	288	286
384	142	141	287
86	285	289	287
248	119	247	288
286	499	290	288
384	143	142	289
236	287	291	289
248	118	119	290
764	288	292	290
384	144	143	291
96	289	293	291
249	118	248	292
290	501	294	292
384	145	144	293
40	291	295	293
249	117	118	294
239	292	296	294
384	146	145	295
122	293	297	295
250	117	249	296
294	503	66	296
384	147	146	297
124	295	299	297
251	116	250	298
66	505	22	298
384	148	147	299
230	297	301	299
252	115	251	300
22	507	302	300
384	149	148	301
108	299	303	301
252	114	115	302
233	300	304	302
384	150	149	303
116	301	77	303
253	114	252	304
302	509	6	304
383	151	150	305
152	77	307	305
254	113	253	306
6	511	308	306
383	152	151	307
220	305	309	307
254	112	113	308
229	306	64	308
383	153	152	309
218	307	311	309
255	110	111	310
225	48	12	310
383	154	153	311
216	309	313	311
256	109	110	312
223	12	314	312
383	155	154	313
54	311	315	313
257	109	256	314
312	517	316	314
383	156	155	315
60	313	317	315
257	108	109	316
221	314	318	316
383	157	156	317
210	315	319	317
258	108	257	318
316	519	320	318
383	158	157	319
130	317	321	319
258	107	108	320
219	318	325	320
383	159	158	321
72	319	323	321
383	161	160	322
202	323	183	322
383	160	159	323
204	321	322	323
375	374	218	324
441	439	751	324
259	107	258	325
320	521	326	325
259	106	107	326
217	325	328	326
382	162	161	327
200	183	329	327
260	106	259	328
326	523	330	328
382	163	162	329
154	327	331	329
260	105	106	330
215	328	332	330
382	164	163	331
80	329	333	331
261	105	260	332
330	525	334	332
382	165	164	333
132	331	335	333
261	104	105	334
213	332	336	334
382	166	165	335
88	333	337	335
262	104	261	336
334	527	338	336
382	167	166	337
190	335	339	337
262	103	104	338
211	336	340	338
382	168	167	339
90	337	241	339
263	103	262	340
338	529	342	340
381	169	168	341
148	241	343	341
263	102	103	342
209	340	344	342
381	170	169	343
138	341	345	343
264	102	263	344
342	531	346	344
381	171	170	345
188	343	347	345
264	101	102	346
207	344	348	346
381	172	171	347
186	345	349	347
265	101	264	348
346	533	46	348
381	173	172	349
182	347	763	349
266	100	265	350
46	535	352	350
380	174	173	351
146	763	752	351
266	99	100	352
203	350	354	352
376	375	207	353
419	417	753	353
267	99	266	354
352	537	356	354
380	176	175	355
112	752	357	355
267	98	99	356
201	354	358	356
380	177	176	357
160	355	359	357
268	98	267	358
356	539	360	358
380	178	177	359
168	357	361	359
268	97	98	360
199	358	2	360
380	179	178	361
140	359	761	361
366	365	1	362
770	735	733	362
269	96	97	363
197	2	364	363
270	96	269	364
363	543	366	364
379	181	180	365
172	750	367	365
270	95	96	366
195	364	368	366
379	182	181	367
172	365	369	367
271	95	270	368
366	545	44	368
379	183	182	369
106	367	371	369
272	94	271	370
44	547	372	370
379	184	183	371
106	369	373	371
272	93	94	372
191	370	14	372
379	185	184	373
170	371	375	373
273	92	93	374
189	14	376	374
379	186	185	375
170	373	748	375
274	92	273	376
374	551	378	376
374	373	233	377
471	469	749	377
274	91	92	378
187	376	380	378
379	188	187	379
176	748	759	379
275	91	274	380
378	553	382	380
378	189	188	381
144	759	383	381
275	90	91	382
185	380	384	382
378	190	189	383
178	381	746	383
276	90	275	384
382	555	10	384
373	372	250	385
505	503	747	385
277	89	276	386
10	557	388	386
378	192	191	387
180	746	389	387
277	88	89	388
181	386	390	388
378	193	192	389
120	387	391	389
278	88	277	390
388	559	392	390
378	194	193	391
136	389	757	391
279	88	278	392
390	561	394	392
372	371	267	393
539	537	743	393
279	87	88	394
179	392	396	394
377	196	195	395
134	744	397	395
279	86	87	396
177	394	398	396
377	197	196	397
128	395	399	397
280	86	279	398
396	563	400	398
377	198	197	399
142	397	742	399
280	85	86	400
175	398	402	400
371	370	288	401
581	579	732	401
281	85	280	402
400	565	404	402
376	200	199	403
150	1	405	403
281	84	85	404
173	402	20	404
376	201	200	405
126	403	407	405
282	83	84	406
171	20	408	406
376	202	201	407
192	405	409	407
283	83	282	408
406	569	410	408
376	203	202	409
194	407	411	409
283	82	83	410
169	408	412	410
376	204	203	411
196	409	413	411
284	82	283	412
410	571	414	412
376	205	204	413
118	411	415	413
284	81	82	414
167	412	416	414
376	206	205	415
198	413	417	415
285	81	284	416
414	573	421	416
376	207	206	417
74	415	353	417
375	209	208	418
100	419	423	418
375	208	207	419
62	353	418	419
362	361	360	420
712	725	718	420
285	80	81	421
165	416	18	421
286	79	80	422
163	18	424	422
375	210	209	423
206	418	425	423
287	79	286	424
422	577	426	424
375	211	210	425
208	423	427	425
287	78	79	426
161	424	428	426
375	212	211	427
110	425	429	427
288	78	287	428
426	579	430	428
375	213	212	429
212	427	431	429
288	77	78	430
159	428	432	430
375	214	213	431
214	429	433	431
289	77	288	432
430	581	434	432
375	215	214	433
158	431	435	433
289	76	77	434
157	432	436	434
375	216	215	435
52	433	437	435
290	76	289	436
434	583	438	436
375	217	216	437
222	435	439	437
290	75	76	438
155	436	440	438
375	218	217	439
224	437	324	439
291	75	290	440
438	585	442	440
374	219	218	441
226	324	443	441
291	74	75	442
153	440	444	442
374	220	219	443
228	441	445	443
292	74	291	444
442	587	446	444
374	221	220	445
232	443	447	445
293	74	292	446
444	589	448	446
374	222	221	447
234	445	449	447
293	73	74	448
151	446	450	448
374	223	222	449
38	447	451	449
293	72	73	450
149	448	452	450
374	224	223	451
78	449	453	451
294	72	293	452
450	591	454	452
374	225	224	453
36	451	455	453
294	71	72	454
147	452	456	454
374	226	225	455
238	453	457	455
295	71	294	456
454	593	458	456
374	227	226	457
102	455	459	457
296	71	295	458
456	595	460	458
374	228	227	459
50	457	461	459
296	70	71	460
145	458	462	460
374	229	228	461
70	459	463	461
296	69	70	462
143	460	464	462
374	230	229	463
244	461	465	463
297	69	296	464
462	597	466	464
374	231	230	465
34	463	467	465
297	68	69	466
141	464	468	466
374	232	231	467
250	465	469	467
298	68	297	468
466	599	470	468
374	233	232	469
254	467	377	469
298	67	68	470
139	468	472	470
373	234	233	471
94	377	473	471
299	67	298	472
470	601	474	472
373	235	234	473
256	471	475	473
299	66	67	474
137	472	476	474
373	236	235	475
258	473	477	475
300	66	299	476
474	603	478	476
373	237	236	477
260	475	479	477
301	66	300	478
476	605	480	478
373	238	237	479
264	477	481	479
301	65	66	480
135	478	16	480
373	239	238	481
84	479	483	481
302	64	301	482
16	607	484	482
373	240	239	483
30	481	485	483
303	64	302	484
482	609	486	484
373	241	240	485
268	483	487	485
303	63	64	486
131	484	488	486
373	242	241	487
270	485	489	487
303	62	63	488
129	486	490	488
373	243	242	489
28	487	491	489
304	62	303	490
488	611	492	490
373	244	243	491
272	489	493	491
304	61	62	492
127	490	494	492
373	245	244	493
56	491	495	493
305	61	304	494
492	613	496	494
373	246	245	495
280	493	497	495
305	60	61	496
125	494	498	496
373	247	246	497
284	495	499	497
306	60	305	498
496	615	500	498
373	248	247	499
288	497	501	499
306	59	60	500
123	498	502	500
373	249	248	501
292	499	503	501
307	59	306	502
500	617	504	502
373	250	249	503
296	501	385	503
307	58	59	504
121	502	506	504
372	251	250	505
298	385	507	505
308	58	307	506
504	619	508	506
372	252	251	507
300	505	509	507
308	57	58	508
119	506	510	508
372	253	252	509
304	507	511	509
309	57	308	510
508	621	512	510
372	254	253	511
306	509	513	511
310	57	309	512
510	623	514	512
372	255	254	513
48	511	515	513
310	56	57	514
117	512	516	514
372	256	255	515
12	513	517	515
310	55	56	516
115	514	518	516
372	257	256	517
314	515	519	517
311	55	310	518
516	625	520	518
372	258	257	519
318	517	521	519
311	54	55	520
113	518	522	520
372	259	258	521
325	519	523	521
312	54	311	522
520	627	524	522
372	260	259	523
328	521	525	523
312	53	54	524
111	522	526	524
372	261	260	525
332	523	527	525
313	53	312	526
524	629	528	526
372	262	261	527
336	525	529	527
313	52	53	528
109	526	530	528
372	263	262	529
340	527	531	529
314	52	313	530
528	631	532	530
372	264	263	531
344	529	533	531
314	51	52	532
107	530	534	532
372	265	264	533
348	531	535	533
315	51	314	534
532	633	536	534
372	266	265	535
350	533	537	535
316	51	315	536
534	635	538	536
372	267	266	537
354	535	393	537
316	50	51	538
105	536	540	538
371	268	267	539
358	393	541	539
316	49	50	540
103	538	542	540
371	269	268	541
2	539	543	541
317	49	316	542
540	637	544	542
371	270	269	543
364	541	545	543
317	48	49	544
101	542	546	544
371	271	270	545
368	543	547	545
318	48	317	546
544	639	548	546
371	272	271	547
370	545	549	547
319	48	318	548
546	641	550	548
371	273	272	549
14	547	551	549
319	47	48	550
99	548	552	550
371	274	273	551
376	549	553	551
319	46	47	552
97	550	554	552
371	275	274	553
380	551	555	553
320	46	319	554
552	643	556	554
371	276	275	555
384	553	557	555
321	46	320	556
554	645	558	556
371	277	276	557
386	555	559	557
321	45	46	558
95	556	560	558
371	278	277	559
390	557	561	559
321	44	45	560
93	558	562	560
371	279	278	561
392	559	563	561
322	44	321	562
560	647	564	562
371	280	279	563
398	561	565	563
323	44	322	564
562	649	566	564
371	281	280	565
402	563	567	565
323	43	44	566
91	564	568	566
371	282	281	567
20	565	569	567
323	42	43	568
89	566	8	568
371	283	282	569
408	567	571	569
324	41	42	570
87	8	572	570
371	284	283	571
412	569	573	571
325	41	324	572
570	653	574	572
371	285	284	573
416	571	575	573
325	40	41	574
85	572	576	574
371	286	285	575
18	573	577	575
326	40	325	576
574	655	578	576
371	287	286	577
424	575	579	577
326	39	40	578
83	576	580	578
371	288	287	579
428	577	401	579
327	39	326	580
578	657	582	580
370	289	288	581
432	401	583	581
327	38	39	582
81	580	584	582
370	290	289	583
436	581	585	583
328	38	327	584
582	659	4	584
370	291	290	585
440	583	587	585
329	37	38	586
79	4	588	586
370	292	291	587
444	585	589	587
329	36	37	588
768	586	590	588
370	293	292	589
446	587	591	589
330	36	329	590
588	663	592	590
370	294	293	591
452	589	593	591
330	35	36	592
75	590	594	592
370	295	294	593
456	591	595	593
331	35	330	594
592	665	596	594
370	296	295	595
458	593	597	595
332	35	331	596
594	667	598	596
370	297	296	597
464	595	599	597
332	34	35	598
73	596	600	598
370	298	297	599
468	597	601	599
332	33	34	600
71	598	602	600
370	299	298	601
472	599	603	601
333	33	332	602
600	669	604	602
370	300	299	603
476	601	605	603
333	32	33	604
69	602	606	604
370	301	300	605
478	603	607	605
334	32	333	606
604	671	608	606
370	302	301	607
482	605	609	607
334	31	32	608
67	606	610	608
370	303	302	609
484	607	611	609
335	31	334	610
608	673	612	610
370	304	303	611
490	609	613	611
335	30	31	612
65	610	614	612
370	305	304	613
494	611	615	613
336	30	335	614
612	675	616	614
370	306	305	615
498	613	617	615
336	29	30	616
63	614	618	616
370	307	306	617
502	615	619	617
337	29	336	618
616	677	620	618
370	308	307	619
506	617	621	619
337	28	29	620
61	618	622	620
370	309	308	621
510	619	623	621
338	28	337	622
620	679	624	622
370	310	309	623
512	621	625	623
338	27	28	624
59	622	626	624
370	311	310	625
518	623	627	625
339	27	338	626
624	681	628	626
370	312	311	627
522	625	629	627
339	26	27	628
57	626	630	628
370	313	312	629
526	627	631	629
340	26	339	630
628	683	632	630
370	314	313	631
530	629	633	631
340	25	26	632
55	630	634	632
370	315	314	633
534	631	635	633
341	25	340	634
632	685	636	634
370	316	315	635
536	633	637	635
342	25	341	636
634	687	638	636
370	317	316	637
542	635	741	637
342	24	25	638
53	636	640	638
369	318	317	639
546	741	641	639
343	24	342	640
638	689	642	640
369	319	318	641
548	639	643	641
343	23	24	642
51	640	644	642
369	320	319	643
554	641	645	643
343	22	23	644
49	642	646	644
369	321	320	645
556	643	647	645
344	22	343	646
644	691	648	646
369	322	321	647
562	645	649	647
344	21	22	648
47	646	650	648
369	323	322	649
564	647	651	649
345	21	344	650
648	693	652	650
369	324	323	651
8	649	653	651
346	21	345	652
650	695	654	652
369	325	324	653
572	651	655	653
346	20	21	654
45	652	656	654
369	326	325	655
576	653	657	655
346	19	20	656
43	654	658	656
369	327	326	657
580	655	659	657
347	19	346	658
656	697	660	658
369	328	327	659
584	657	661	659
347	18	19	660
41	658	662	660
369	329	328	661
4	659	663	661
348	18	347	662
660	699	664	662
369	330	329	663
590	661	665	663
348	17	18	664
39	662	666	664
369	331	330	665
594	663	667	665
349	17	348	666
664	701	668	666
369	332	331	667
596	665	669	667
350	17	349	668
666	703	670	668
369	333	332	669
602	667	671	669
350	16	17	670
37	668	672	670
369	334	333	671
606	669	673	671
351	16	350	672
670	705	674	672
369	335	334	673
610	671	675	673
351	15	16	674
35	672	676	674
369	336	335	675
614	673	677	675
351	14	15	676
33	674	678	676
369	337	336	677
618	675	679	677
352	14	351	678
676	707	680	678
369	338	337	679
622	677	681	679
352	13	14	680
31	678	682	680
369	339	338	681
626	679	683	681
353	13	352	682
680	709	684	682
369	340	339	683
630	681	685	683
354	13	353	684
682	711	686	684
369	341	340	685
634	683	687	685
354	12	13	686
29	684	688	686
369	342	341	687
636	685	689	687
354	11	12	688
27	686	690	688
369	343	342	689
640	687	691	689
355	11	354	690
688	713	692	690
369	344	343	691
646	689	693	691
355	10	11	692
25	690	694	692
369	345	344	693
650	691	695	693
356	10	355	694
692	715	696	694
369	346	345	695
652	693	697	695
357	10	356	696
694	717	698	696
369	347	346	697
658	695	699	697
357	9	10	698
23	696	700	698
369	348	347	699
662	697	701	699
358	9	357	700
698	719	702	700
369	349	348	701
666	699	703	701
358	8	9	702
21	700	704	702
369	350	349	703
668	701	705	703
358	7	8	704
19	702	706	704
369	351	350	705
672	703	707	705
359	7	358	706
704	721	708	706
369	352	351	707
678	705	709	707
359	6	7	708
17	706	710	708
369	353	352	709
682	707	711	709
360	6	359	710
708	720	712	710
369	354	353	711
684	709	713	711
361	6	360	712
710	420	714	712
369	355	354	713
690	711	715	713
361	5	6	714
15	712	716	714
369	356	355	715
694	713	717	715
361	4	5	716
13	714	718	716
369	357	356	717
696	715	719	717
362	4	361	718
716	420	723	718
369	358	357	719
700	717	721	719
369	360	359	720
710	721	725	720
369	359	358	721
706	719	720	721
363	3	4	722
11	723	727	722
363	4	362	723
718	724	722	723
369	363	362	724
723	725	728	724
369	362	360	725
420	720	724	725
364	2	363	726
727	728	729	726
363	2	3	727
9	722	726	727
369	364	363	728
726	724	731	728
364	1	2	729
7	726	731	729
386	385	117	730
239	237	773	730
369	1	364	731
729	728	739	731
371	397	370	732
740	401	743	732
397	365	366	733
362	734	782	733
397	366	367	734
735	736	733	734
367	366	1	735
362	737	734	735
397	367	368	736
737	738	734	736
368	367	1	737
735	739	736	737
397	368	369	738
739	740	736	738
369	368	1	739
737	731	738	739
397	369	370	740
741	732	738	740
370	369	317	741
639	637	740	741
377	199	198	742
162	399	1	742
372	397	371	743
732	393	745	743
377	195	194	744
184	757	395	744
372	396	397	745
0	743	747	745
378	191	190	746
166	383	387	746
396	372	373	747
385	749	745	747
379	187	186	748
164	375	379	748
396	373	374	749
377	751	747	749
379	180	179	750
140	761	365	750
396	374	375	751
324	753	749	751
380	175	174	752
156	351	355	752
396	375	376	753
353	755	751	753
382	396	381	754
762	241	765	754
396	376	377	755
1	756	753	755
396	377	378	756
757	758	755	756
378	377	194	757
744	391	756	757
396	378	379	758
759	760	756	758
379	378	188	759
381	379	758	759
396	379	380	760
761	762	758	760
380	379	179	761
750	361	760	761
396	380	381	762
763	754	760	762
381	380	173	763
351	349	762	763
385	119	118	764
290	239	243	764
382	395	396	765
0	754	767	765
387	90	89	766
10	181	185	766
395	382	383	767
183	769	765	767
389	37	36	768
588	75	79	768
395	383	384	769
77	771	767	769
394	1	365	770
362	782	789	770
395	384	385	771
5	773	769	771
391	390	1	772
781	785	778	772
395	385	386	773
730	774	771	773
395	386	387	774
775	776	773	774
387	386	99	775
203	201	774	775
395	387	388	776
777	779	774	776
388	387	78	777
161	159	776	777
391	395	390	778
780	772	783	778
395	388	389	779
3	780	776	779
395	389	390	780
781	778	779	780
390	389	1	781
7	772	780	781
365	397	394	782
788	770	733	782
391	397	395	783
0	778	784	783
397	391	392	784
785	786	783	784
392	391	1	785
772	787	784	785
397	392	393	786
787	788	784	786
393	392	1	787
785	789	786	787
397	393	394	788
789	782	786	788
394	393	1	789
787	770	788	789
1	0
0.997214	0.0004
0.99438	0.000795
0.991501	0.001204
0.988572	0.001609
0.985597	0.002025
0.982573	0.002445
0.9795	0.002875
0.976377	0.00331
0.973203	0.003746
0.969978	0.004186
0.966701	0.004631
0.963373	0.005082
0.959993	0.005539
0.95656	0.006001
0.953073	0.006469
0.949532	0.006942
0.945936	0.007419
0.942285	0.007901
0.938579	0.008388
0.934817	0.008881
0.930998	0.009381
0.927122	0.009889
0.923188	0.0104
0.919196	0.010913
0.915144	0.01143
0.911034	0.011952
0.906865	0.012482
0.902636	0.013018
0.898345	0.013558
0.893994	0.014101
0.889581	0.014651
0.885107	0.015209
0.880571	0.015771
0.875971	0.016335
0.871307	0.0169
0.866581	0.017471
0.861791	0.018048
0.856937	0.018631
0.852017	0.019217
0.847034	0.019806
0.841985	0.020403
0.83687	0.021004
0.831689	0.021606
0.826442	0.022208
0.821128	0.022818
0.815749	0.023437
0.810302	0.024057
0.804787	0.024676
0.799205	0.025298
0.793556	0.025927
0.787839	0.026559
0.782053	0.027191
0.7762	0.027828
0.770279	0.028471
0.764289	0.029114
0.75823	0.029758
0.752104	0.030409
0.745908	0.031061
0.739643	0.031708
0.733309	0.032359
0.726908	0.03302
0.720437	0.033678
0.713898	0.034332
0.70729	0.034989
0.700613	0.03565
0.693869	0.03631
0.687055	0.036967
0.680168	0.037624
0.673202	0.038287
0.666156	0.03895
0.659031	0.039611
0.651826	0.040273
0.644542	0.040932
0.637178	0.041589
0.629735	0.04225
0.622213	0.042911
0.61461	0.043561
0.606928	0.044208
0.599168	0.044857
0.591329	0.045506
0.583411	0.046145
0.575414	0.046776
0.567339	0.047409
0.559187	0.048042
0.550956	0.048656
0.542649	0.049265
0.534266	0.049874
0.525806	0.050469
0.51727	0.051051
0.50866	0.051625
0.499976	0.052189
0.491219	0.052739
0.482389	0.053282
0.473488	0.053811
0.464515	0.054326
0.455472	0.054821
0.44636	0.055294
0.437182	0.055759
0.427936	0.056199
0.418625	0.05662
0.409249	0.05702
0.399812	0.057392
0.390313	0.057739
0.380755	0.058067
0.37114	0.058358
0.361468	0.05862
0.351742	0.058855
0.341964	0.059054
0.332211	0.059218
0.322541	0.059347
0.31295	0.05943
0.304732	0.05947
0.296572	0.059488
0.288463	0.059472
0.280402	0.059423
0.272385	0.059341
0.264407	0.059227
0.256466	0.05908
0.248564	0.058902
0.240701	0.05869
0.232881	0.058443
0.22511	0.058159
0.217394	0.057838
0.209739	0.05748
0.202153	0.057086
0.194643	0.056654
0.187219	0.056186
0.179889	0.055679
0.172659	0.055134
0.165543	0.054552
0.158536	0.053933
0.151643	0.053278
0.144866	0.052587
0.13821	0.051858
0.131679	0.051091
0.125301	0.05029
0.119093	0.04946
0.113015	0.048597
0.107094	0.047706
0.101376	0.046792
0.095773	0.045842
0.090315	0.04486
0.085027	0.043852
0.079886	0.042816
0.074909	0.041755
0.070096	0.040671
0.065448	0.039563
0.060954	0.03843
0.056625	0.037275
0.052465	0.0361
0.048472	0.034905
0.044631	0.033688
0.040955	0.032455
0.037438	0.031204
0.03408	0.029932
0.030882	0.02864
0.027847	0.027332
0.024974	0.02601
0.022262	0.024676
0.019715	0.023331
0.017337	0.02198
0.015114	0.020617
0.013067	0.019255
0.01119	0.017891
0.009482	0.016533
0.007935	0.015184
0.006587	0.013885
0.00539	0.012605
0.004348	0.011357
0.003445	0.010138
0.002682	0.008969
0.002062	0.007887
0.001547	0.006852
0.00113	0.005876
0.000797	0.004948
0.00054	0.004082
0.00035	0.003291
0.000211	0.002558
0.000114	0.001873
4.9e-05	0.001235
1.3e-05	0.000643
0	0.000101
6e-06	-0.00042
3e-05	-0.000969
7.9e-05	-0.001561
0.000157	-0.002204
0.000272	-0.002903
0.000434	-0.003665
0.000653	-0.004486
0.000941	-0.005371
0.001299	-0.00629
0.001745	-0.007267
0.002293	-0.008308
0.002955	-0.009406
0.003726	-0.010534
0.004604	-0.011677
0.005621	-0.012863
0.006779	-0.014078
0.008092	-0.015327
0.009552	-0.016592
0.011137	-0.017851
0.012876	-0.019121
0.01478	-0.020402
0.016847	-0.021688
0.019078	-0.022979
0.021477	-0.024271
0.024046	-0.025563
0.026785	-0.026853
0.029697	-0.02814
0.03278	-0.029417
0.036039	-0.030684
0.039473	-0.031937
0.043084	-0.033178
0.04686	-0.034403
0.0508	-0.03561
0.054906	-0.036797
0.059178	-0.037964
0.063614	-0.039108
0.068214	-0.04023
0.072977	-0.041327
0.077901	-0.0424
0.082987	-0.043448
0.088232	-0.04447
0.093636	-0.045464
0.099198	-0.046429
0.104916	-0.047364
0.11079	-0.048269
0.116817	-0.049143
0.122996	-0.049987
0.129327	-0.050801
0.135807	-0.051582
0.142435	-0.052327
0.149209	-0.053036
0.156129	-0.05371
0.163191	-0.05435
0.170395	-0.054954
0.177739	-0.055522
0.185221	-0.056052
0.192839	-0.056544
0.200593	-0.056999
0.208479	-0.057418
0.216497	-0.057798
0.224645	-0.05814
0.232922	-0.058444
0.241325	-0.058708
0.249854	-0.058933
0.258507	-0.059121
0.267282	-0.059272
0.276178	-0.059384
0.285195	-0.059457
0.29433	-0.059487
0.303582	-0.059475
0.31295	-0.05943
0.322541	-0.059347
0.332211	-0.059218
0.341964	-0.059054
0.351742	-0.058855
0.361468	-0.05862
0.37114	-0.058358
0.380756	-0.058067
0.390313	-0.057739
0.399812	-0.057392
0.40925	-0.05702
0.418625	-0.05662
0.427936	-0.056199
0.437182	-0.055759
0.446361	-0.055294
0.455472	-0.054821
0.464515	-0.054326
0.473488	-0.053811
0.48239	-0.053282
0.491219	-0.052739
0.499976	-0.052189
0.50866	-0.051625
0.51727	-0.051051
0.525806	-0.050469
0.534266	-0.049874
0.542649	-0.049265
0.550956	-0.048656
0.559187	-0.048042
0.567339	-0.047409
0.575414	-0.046776
0.583411	-0.046145
0.591329	-0.045506
0.599168	-0.044857
0.606928	-0.044208
0.61461	-0.043561
0.622213	-0.042911
0.629735	-0.04225
0.637178	-0.041589
0.644542	-0.040932
0.651826	-0.040273
0.659031	-0.039611
0.666156	-0.03895
0.673202	-0.038287
0.680168	-0.037624
0.687055	-0.036967
0.693869	-0.03631
0.700614	-0.03565
0.70729	-0.034989
0.713898	-0.034332
0.720437	-0.033678
0.726908	-0.03302
0.733309	-0.032359
0.739643	-0.031708
0.745908	-0.031061
0.752104	-0.030409
0.758231	-0.029758
0.764289	-0.029114
0.770279	-0.028471
0.7762	-0.027828
0.782053	-0.027191
0.787839	-0.026559
0.793556	-0.025927
0.799205	-0.025298
0.804787	-0.024676
0.810302	-0.024057
0.815749	-0.023437
0.821128	-0.022818
0.826442	-0.022208
0.831689	-0.021606
0.83687	-0.021004
0.841985	-0.020403
0.847034	-0.019806
0.852018	-0.019217
0.856937	-0.018631
0.861791	-0.018048
0.866581	-0.017471
0.871307	-0.0169
0.875971	-0.016335
0.880571	-0.015771
0.885107	-0.015209
0.889582	-0.014651
0.893994	-0.014101
0.898345	-0.013558
0.902636	-0.013018
0.906865	-0.012482
0.911034	-0.011952
0.915144	-0.01143
0.919196	-0.010913
0.923188	-0.0104
0.927122	-0.009889
0.930998	-0.009381
0.934817	-0.008881
0.938579	-0.008387
0.942285	-0.007901
0.945936	-0.007419
0.949532	-0.006942
0.953073	-0.006469
0.95656	-0.006001
0.959993	-0.005539
0.963373	-0.005082
0.966701	-0.004631
0.969978	-0.004187
0.973203	-0.003747
0.976377	-0.00331
0.9795	-0.002874
0.982573	-0.002444
0.985597	-0.002027
0.988572	-0.001607
0.991501	-0.001204
0.99438	-0.000795
0.997214	-0.0004
2.43675736905003	-0.415639145371783
2.30755308286762	-0.813289049887866
2.09849615633231	-1.17538626832121
1.81872338030013	-1.48610541469105
1.48046216758242	-1.73186657130514
1.09849615633231	-1.90192879632657
0.689519094117724	-1.98885955447281
0.27140524104711	-1.98885955447281
-0.137571821167477	-1.90192879632657
-0.519537832417583	-1.73186657130514
-0.857799045135299	-1.48610541469105
-1.13757182116748	-1.17538626832121
-1.34662874770278	-0.813289049887863
-1.47583303388519	-0.415639145371782
-1.51953783241758	0.000184236263736509
-1.47583303388519	0.416007617899256
-1.34662874770278	0.813657522415337
-1.13757182116748	1.17575474084868
-0.857799045135298	1.48647388721853
-0.519537832417582	1.73223504383261
-0.137571821167477	1.90229726885404
0.271405241047111	1.98922802700028
0.689519094117725	1.98922802700028
1.09849615633231	1.90229726885404
1.48046216758242	1.73223504383261
1.81872338030013	1.48647388721852
2.09849615633231	1.17575474084868
2.30755308286762	0.813657522415337
2.43675736905003	0.416007617899255
2.48046216758242	0.000184236263736264
0.48046216758242	4.00018423626373
-7.51953783241758	-3.99981576373627
8.48046216758242	-3.99981576373627
