         394 Number of Points
           0 Number of Cells
           2 Number of Boundary Curves
         364 Number of Faces Belong to Each Boundary Curves
          30 Number of Faces Belong to Each Boundary Curves
           1           2
           2           3
           3           4
           4           5
           5           6
           6           7
           7           8
           8           9
           9          10
          10          11
          11          12
          12          13
          13          14
          14          15
          15          16
          16          17
          17          18
          18          19
          19          20
          20          21
          21          22
          22          23
          23          24
          24          25
          25          26
          26          27
          27          28
          28          29
          29          30
          30          31
          31          32
          32          33
          33          34
          34          35
          35          36
          36          37
          37          38
          38          39
          39          40
          40          41
          41          42
          42          43
          43          44
          44          45
          45          46
          46          47
          47          48
          48          49
          49          50
          50          51
          51          52
          52          53
          53          54
          54          55
          55          56
          56          57
          57          58
          58          59
          59          60
          60          61
          61          62
          62          63
          63          64
          64          65
          65          66
          66          67
          67          68
          68          69
          69          70
          70          71
          71          72
          72          73
          73          74
          74          75
          75          76
          76          77
          77          78
          78          79
          79          80
          80          81
          81          82
          82          83
          83          84
          84          85
          85          86
          86          87
          87          88
          88          89
          89          90
          90          91
          91          92
          92          93
          93          94
          94          95
          95          96
          96          97
          97          98
          98          99
          99         100
         100         101
         101         102
         102         103
         103         104
         104         105
         105         106
         106         107
         107         108
         108         109
         109         110
         110         111
         111         112
         112         113
         113         114
         114         115
         115         116
         116         117
         117         118
         118         119
         119         120
         120         121
         121         122
         122         123
         123         124
         124         125
         125         126
         126         127
         127         128
         128         129
         129         130
         130         131
         131         132
         132         133
         133         134
         134         135
         135         136
         136         137
         137         138
         138         139
         139         140
         140         141
         141         142
         142         143
         143         144
         144         145
         145         146
         146         147
         147         148
         148         149
         149         150
         150         151
         151         152
         152         153
         153         154
         154         155
         155         156
         156         157
         157         158
         158         159
         159         160
         160         161
         161         162
         162         163
         163         164
         164         165
         165         166
         166         167
         167         168
         168         169
         169         170
         170         171
         171         172
         172         173
         173         174
         174         175
         175         176
         176         177
         177         178
         178         179
         179         180
         180         181
         181         182
         182         183
         183         184
         184         185
         185         186
         186         187
         187         188
         188         189
         189         190
         190         191
         191         192
         192         193
         193         194
         194         195
         195         196
         196         197
         197         198
         198         199
         199         200
         200         201
         201         202
         202         203
         203         204
         204         205
         205         206
         206         207
         207         208
         208         209
         209         210
         210         211
         211         212
         212         213
         213         214
         214         215
         215         216
         216         217
         217         218
         218         219
         219         220
         220         221
         221         222
         222         223
         223         224
         224         225
         225         226
         226         227
         227         228
         228         229
         229         230
         230         231
         231         232
         232         233
         233         234
         234         235
         235         236
         236         237
         237         238
         238         239
         239         240
         240         241
         241         242
         242         243
         243         244
         244         245
         245         246
         246         247
         247         248
         248         249
         249         250
         250         251
         251         252
         252         253
         253         254
         254         255
         255         256
         256         257
         257         258
         258         259
         259         260
         260         261
         261         262
         262         263
         263         264
         264         265
         265         266
         266         267
         267         268
         268         269
         269         270
         270         271
         271         272
         272         273
         273         274
         274         275
         275         276
         276         277
         277         278
         278         279
         279         280
         280         281
         281         282
         282         283
         283         284
         284         285
         285         286
         286         287
         287         288
         288         289
         289         290
         290         291
         291         292
         292         293
         293         294
         294         295
         295         296
         296         297
         297         298
         298         299
         299         300
         300         301
         301         302
         302         303
         303         304
         304         305
         305         306
         306         307
         307         308
         308         309
         309         310
         310         311
         311         312
         312         313
         313         314
         314         315
         315         316
         316         317
         317         318
         318         319
         319         320
         320         321
         321         322
         322         323
         323         324
         324         325
         325         326
         326         327
         327         328
         328         329
         329         330
         330         331
         331         332
         332         333
         333         334
         334         335
         335         336
         336         337
         337         338
         338         339
         339         340
         340         341
         341         342
         342         343
         343         344
         344         345
         345         346
         346         347
         347         348
         348         349
         349         350
         350         351
         351         352
         352         353
         353         354
         354         355
         355         356
         356         357
         357         358
         358         359
         359         360
         360         361
         361         362
         362         363
         363         364
         364           1
         365         366
         366         367
         367         368
         368         369
         369         370
         370         371
         371         372
         372         373
         373         374
         374         375
         375         376
         376         377
         377         378
         378         379
         379         380
         380         381
         381         382
         382         383
         383         384
         384         385
         385         386
         386         387
         387         388
         388         389
         389         390
         390         391
         391         392
         392         393
         393         394
         394         365
   1.00000000000000       0.000000000000000E+000
  0.997214000000000       4.000000000000000E-004
  0.994380000000000       7.950000000000000E-004
  0.991501000000000       1.204000000000000E-003
  0.988572000000000       1.609000000000000E-003
  0.985597000000000       2.025000000000000E-003
  0.982573000000000       2.445000000000000E-003
  0.979500000000000       2.875000000000000E-003
  0.976377000000000       3.310000000000000E-003
  0.973203000000000       3.746000000000000E-003
  0.969978000000000       4.186000000000000E-003
  0.966701000000000       4.631000000000000E-003
  0.963373000000000       5.082000000000000E-003
  0.959993000000000       5.539000000000000E-003
  0.956560000000000       6.001000000000000E-003
  0.953073000000000       6.469000000000000E-003
  0.949532000000000       6.942000000000000E-003
  0.945936000000000       7.419000000000000E-003
  0.942285000000000       7.901000000000000E-003
  0.938579000000000       8.388000000000000E-003
  0.934817000000000       8.881000000000000E-003
  0.930998000000000       9.381000000000000E-003
  0.927122000000000       9.889000000000000E-003
  0.923188000000000       1.040000000000000E-002
  0.919196000000000       1.091300000000000E-002
  0.915144000000000       1.143000000000000E-002
  0.911034000000000       1.195200000000000E-002
  0.906865000000000       1.248200000000000E-002
  0.902636000000000       1.301800000000000E-002
  0.898345000000000       1.355800000000000E-002
  0.893994000000000       1.410100000000000E-002
  0.889581000000000       1.465100000000000E-002
  0.885107000000000       1.520900000000000E-002
  0.880571000000000       1.577100000000000E-002
  0.875971000000000       1.633500000000000E-002
  0.871307000000000       1.690000000000000E-002
  0.866581000000000       1.747100000000000E-002
  0.861791000000000       1.804800000000000E-002
  0.856937000000000       1.863100000000000E-002
  0.852017000000000       1.921700000000000E-002
  0.847034000000000       1.980600000000000E-002
  0.841985000000000       2.040300000000000E-002
  0.836870000000000       2.100400000000000E-002
  0.831689000000000       2.160600000000000E-002
  0.826442000000000       2.220800000000000E-002
  0.821128000000000       2.281800000000000E-002
  0.815749000000000       2.343700000000000E-002
  0.810302000000000       2.405700000000000E-002
  0.804787000000000       2.467600000000000E-002
  0.799205000000000       2.529800000000000E-002
  0.793556000000000       2.592700000000000E-002
  0.787839000000000       2.655900000000000E-002
  0.782053000000000       2.719100000000000E-002
  0.776200000000000       2.782800000000000E-002
  0.770279000000000       2.847100000000000E-002
  0.764289000000000       2.911400000000000E-002
  0.758230000000000       2.975800000000000E-002
  0.752104000000000       3.040900000000000E-002
  0.745908000000000       3.106100000000000E-002
  0.739643000000000       3.170800000000000E-002
  0.733309000000000       3.235900000000000E-002
  0.726908000000000       3.302000000000000E-002
  0.720437000000000       3.367800000000000E-002
  0.713898000000000       3.433200000000000E-002
  0.707290000000000       3.498900000000000E-002
  0.700613000000000       3.565000000000000E-002
  0.693869000000000       3.631000000000000E-002
  0.687055000000000       3.696700000000000E-002
  0.680168000000000       3.762400000000000E-002
  0.673202000000000       3.828700000000000E-002
  0.666156000000000       3.895000000000000E-002
  0.659031000000000       3.961100000000000E-002
  0.651826000000000       4.027300000000000E-002
  0.644542000000000       4.093200000000000E-002
  0.637178000000000       4.158900000000000E-002
  0.629735000000000       4.225000000000000E-002
  0.622213000000000       4.291100000000000E-002
  0.614610000000000       4.356100000000000E-002
  0.606928000000000       4.420800000000000E-002
  0.599168000000000       4.485700000000000E-002
  0.591329000000000       4.550600000000000E-002
  0.583411000000000       4.614500000000000E-002
  0.575414000000000       4.677600000000000E-002
  0.567339000000000       4.740900000000000E-002
  0.559187000000000       4.804200000000000E-002
  0.550956000000000       4.865600000000000E-002
  0.542649000000000       4.926500000000000E-002
  0.534266000000000       4.987400000000000E-002
  0.525806000000000       5.046900000000000E-002
  0.517270000000000       5.105100000000000E-002
  0.508660000000000       5.162500000000000E-002
  0.499976000000000       5.218900000000000E-002
  0.491219000000000       5.273900000000000E-002
  0.482389000000000       5.328200000000000E-002
  0.473488000000000       5.381100000000000E-002
  0.464515000000000       5.432600000000000E-002
  0.455472000000000       5.482100000000000E-002
  0.446360000000000       5.529400000000000E-002
  0.437182000000000       5.575900000000000E-002
  0.427936000000000       5.619900000000000E-002
  0.418625000000000       5.662000000000000E-002
  0.409249000000000       5.702000000000000E-002
  0.399812000000000       5.739200000000000E-002
  0.390313000000000       5.773900000000000E-002
  0.380755000000000       5.806700000000000E-002
  0.371140000000000       5.835800000000000E-002
  0.361468000000000       5.862000000000000E-002
  0.351742000000000       5.885500000000000E-002
  0.341964000000000       5.905400000000000E-002
  0.332211000000000       5.921800000000000E-002
  0.322541000000000       5.934700000000000E-002
  0.312950000000000       5.943000000000000E-002
  0.304732000000000       5.947000000000000E-002
  0.296572000000000       5.948800000000000E-002
  0.288463000000000       5.947200000000000E-002
  0.280402000000000       5.942300000000000E-002
  0.272385000000000       5.934100000000000E-002
  0.264407000000000       5.922700000000000E-002
  0.256466000000000       5.908000000000000E-002
  0.248564000000000       5.890200000000000E-002
  0.240701000000000       5.869000000000000E-002
  0.232881000000000       5.844300000000000E-002
  0.225110000000000       5.815900000000000E-002
  0.217394000000000       5.783800000000000E-002
  0.209739000000000       5.748000000000000E-002
  0.202153000000000       5.708600000000000E-002
  0.194643000000000       5.665400000000000E-002
  0.187219000000000       5.618600000000000E-002
  0.179889000000000       5.567900000000000E-002
  0.172659000000000       5.513400000000000E-002
  0.165543000000000       5.455200000000000E-002
  0.158536000000000       5.393300000000000E-002
  0.151643000000000       5.327800000000000E-002
  0.144866000000000       5.258700000000000E-002
  0.138210000000000       5.185800000000000E-002
  0.131679000000000       5.109100000000000E-002
  0.125301000000000       5.029000000000000E-002
  0.119093000000000       4.946000000000000E-002
  0.113015000000000       4.859700000000000E-002
  0.107094000000000       4.770600000000000E-002
  0.101376000000000       4.679200000000000E-002
  9.577300000000000E-002  4.584200000000000E-002
  9.031500000000001E-002  4.486000000000000E-002
  8.502700000000001E-002  4.385200000000000E-002
  7.988600000000000E-002  4.281600000000000E-002
  7.490900000000000E-002  4.175500000000000E-002
  7.009600000000001E-002  4.067100000000000E-002
  6.544800000000001E-002  3.956300000000000E-002
  6.095400000000000E-002  3.843000000000000E-002
  5.662500000000000E-002  3.727500000000000E-002
  5.246500000000000E-002  3.610000000000000E-002
  4.847200000000000E-002  3.490500000000000E-002
  4.463100000000000E-002  3.368800000000000E-002
  4.095500000000000E-002  3.245500000000000E-002
  3.743800000000000E-002  3.120400000000000E-002
  3.408000000000000E-002  2.993200000000000E-002
  3.088200000000000E-002  2.864000000000000E-002
  2.784700000000000E-002  2.733200000000000E-002
  2.497400000000000E-002  2.601000000000000E-002
  2.226200000000000E-002  2.467600000000000E-002
  1.971500000000000E-002  2.333100000000000E-002
  1.733700000000000E-002  2.198000000000000E-002
  1.511400000000000E-002  2.061700000000000E-002
  1.306700000000000E-002  1.925500000000000E-002
  1.119000000000000E-002  1.789100000000000E-002
  9.482000000000001E-003  1.653300000000000E-002
  7.934999999999999E-003  1.518400000000000E-002
  6.587000000000000E-003  1.388500000000000E-002
  5.390000000000000E-003  1.260500000000000E-002
  4.348000000000000E-003  1.135700000000000E-002
  3.445000000000000E-003  1.013800000000000E-002
  2.682000000000000E-003  8.969000000000000E-003
  2.062000000000000E-003  7.887000000000000E-003
  1.547000000000000E-003  6.852000000000000E-003
  1.130000000000000E-003  5.876000000000000E-003
  7.970000000000000E-004  4.948000000000000E-003
  5.400000000000000E-004  4.082000000000000E-003
  3.500000000000000E-004  3.291000000000000E-003
  2.110000000000000E-004  2.558000000000000E-003
  1.140000000000000E-004  1.873000000000000E-003
  4.900000000000000E-005  1.235000000000000E-003
  1.300000000000000E-005  6.430000000000000E-004
  0.000000000000000E+000  1.010000000000000E-004
  6.000000000000000E-006 -4.200000000000000E-004
  3.000000000000000E-005 -9.690000000000000E-004
  7.900000000000000E-005 -1.561000000000000E-003
  1.570000000000000E-004 -2.204000000000000E-003
  2.720000000000000E-004 -2.903000000000000E-003
  4.340000000000000E-004 -3.665000000000000E-003
  6.530000000000000E-004 -4.486000000000000E-003
  9.410000000000000E-004 -5.371000000000000E-003
  1.299000000000000E-003 -6.290000000000000E-003
  1.745000000000000E-003 -7.267000000000000E-003
  2.293000000000000E-003 -8.307999999999999E-003
  2.955000000000000E-003 -9.405999999999999E-003
  3.726000000000000E-003 -1.053400000000000E-002
  4.604000000000000E-003 -1.167700000000000E-002
  5.621000000000000E-003 -1.286300000000000E-002
  6.779000000000000E-003 -1.407800000000000E-002
  8.092000000000000E-003 -1.532700000000000E-002
  9.552000000000000E-003 -1.659200000000000E-002
  1.113700000000000E-002 -1.785100000000000E-002
  1.287600000000000E-002 -1.912100000000000E-002
  1.478000000000000E-002 -2.040200000000000E-002
  1.684700000000000E-002 -2.168800000000000E-002
  1.907800000000000E-002 -2.297900000000000E-002
  2.147700000000000E-002 -2.427100000000000E-002
  2.404600000000000E-002 -2.556300000000000E-002
  2.678500000000000E-002 -2.685300000000000E-002
  2.969700000000000E-002 -2.814000000000000E-002
  3.278000000000000E-002 -2.941700000000000E-002
  3.603900000000000E-002 -3.068400000000000E-002
  3.947300000000000E-002 -3.193700000000000E-002
  4.308400000000000E-002 -3.317800000000000E-002
  4.686000000000000E-002 -3.440300000000000E-002
  5.080000000000000E-002 -3.561000000000000E-002
  5.490600000000000E-002 -3.679700000000000E-002
  5.917800000000000E-002 -3.796400000000000E-002
  6.361400000000000E-002 -3.910800000000000E-002
  6.821400000000000E-002 -4.023000000000000E-002
  7.297700000000000E-002 -4.132700000000000E-002
  7.790100000000000E-002 -4.240000000000000E-002
  8.298700000000001E-002 -4.344800000000000E-002
  8.823200000000000E-002 -4.447000000000000E-002
  9.363600000000000E-002 -4.546400000000000E-002
  9.919799999999999E-002 -4.642900000000000E-002
  0.104916000000000      -4.736400000000000E-002
  0.110790000000000      -4.826900000000000E-002
  0.116817000000000      -4.914300000000000E-002
  0.122996000000000      -4.998700000000000E-002
  0.129327000000000      -5.080100000000000E-002
  0.135807000000000      -5.158200000000000E-002
  0.142435000000000      -5.232700000000000E-002
  0.149209000000000      -5.303600000000000E-002
  0.156129000000000      -5.371000000000000E-002
  0.163191000000000      -5.435000000000000E-002
  0.170395000000000      -5.495400000000000E-002
  0.177739000000000      -5.552200000000000E-002
  0.185221000000000      -5.605200000000000E-002
  0.192839000000000      -5.654400000000000E-002
  0.200593000000000      -5.699900000000000E-002
  0.208479000000000      -5.741800000000000E-002
  0.216497000000000      -5.779800000000000E-002
  0.224645000000000      -5.814000000000000E-002
  0.232922000000000      -5.844400000000000E-002
  0.241325000000000      -5.870800000000000E-002
  0.249854000000000      -5.893300000000000E-002
  0.258507000000000      -5.912100000000000E-002
  0.267282000000000      -5.927200000000000E-002
  0.276178000000000      -5.938400000000000E-002
  0.285195000000000      -5.945700000000000E-002
  0.294330000000000      -5.948700000000000E-002
  0.303582000000000      -5.947500000000000E-002
  0.312950000000000      -5.943000000000000E-002
  0.322541000000000      -5.934700000000000E-002
  0.332211000000000      -5.921800000000000E-002
  0.341964000000000      -5.905400000000000E-002
  0.351742000000000      -5.885500000000000E-002
  0.361468000000000      -5.862000000000000E-002
  0.371140000000000      -5.835800000000000E-002
  0.380756000000000      -5.806700000000000E-002
  0.390313000000000      -5.773900000000000E-002
  0.399812000000000      -5.739200000000000E-002
  0.409250000000000      -5.702000000000000E-002
  0.418625000000000      -5.662000000000000E-002
  0.427936000000000      -5.619900000000000E-002
  0.437182000000000      -5.575900000000000E-002
  0.446361000000000      -5.529400000000000E-002
  0.455472000000000      -5.482100000000000E-002
  0.464515000000000      -5.432600000000000E-002
  0.473488000000000      -5.381100000000000E-002
  0.482390000000000      -5.328200000000000E-002
  0.491219000000000      -5.273900000000000E-002
  0.499976000000000      -5.218900000000000E-002
  0.508660000000000      -5.162500000000000E-002
  0.517270000000000      -5.105100000000000E-002
  0.525806000000000      -5.046900000000000E-002
  0.534266000000000      -4.987400000000000E-002
  0.542649000000000      -4.926500000000000E-002
  0.550956000000000      -4.865600000000000E-002
  0.559187000000000      -4.804200000000000E-002
  0.567339000000000      -4.740900000000000E-002
  0.575414000000000      -4.677600000000000E-002
  0.583411000000000      -4.614500000000000E-002
  0.591329000000000      -4.550600000000000E-002
  0.599168000000000      -4.485700000000000E-002
  0.606928000000000      -4.420800000000000E-002
  0.614610000000000      -4.356100000000000E-002
  0.622213000000000      -4.291100000000000E-002
  0.629735000000000      -4.225000000000000E-002
  0.637178000000000      -4.158900000000000E-002
  0.644542000000000      -4.093200000000000E-002
  0.651826000000000      -4.027300000000000E-002
  0.659031000000000      -3.961100000000000E-002
  0.666156000000000      -3.895000000000000E-002
  0.673202000000000      -3.828700000000000E-002
  0.680168000000000      -3.762400000000000E-002
  0.687055000000000      -3.696700000000000E-002
  0.693869000000000      -3.631000000000000E-002
  0.700614000000000      -3.565000000000000E-002
  0.707290000000000      -3.498900000000000E-002
  0.713898000000000      -3.433200000000000E-002
  0.720437000000000      -3.367800000000000E-002
  0.726908000000000      -3.302000000000000E-002
  0.733309000000000      -3.235900000000000E-002
  0.739643000000000      -3.170800000000000E-002
  0.745908000000000      -3.106100000000000E-002
  0.752104000000000      -3.040900000000000E-002
  0.758231000000000      -2.975800000000000E-002
  0.764289000000000      -2.911400000000000E-002
  0.770279000000000      -2.847100000000000E-002
  0.776200000000000      -2.782800000000000E-002
  0.782053000000000      -2.719100000000000E-002
  0.787839000000000      -2.655900000000000E-002
  0.793556000000000      -2.592700000000000E-002
  0.799205000000000      -2.529800000000000E-002
  0.804787000000000      -2.467600000000000E-002
  0.810302000000000      -2.405700000000000E-002
  0.815749000000000      -2.343700000000000E-002
  0.821128000000000      -2.281800000000000E-002
  0.826442000000000      -2.220800000000000E-002
  0.831689000000000      -2.160600000000000E-002
  0.836870000000000      -2.100400000000000E-002
  0.841985000000000      -2.040300000000000E-002
  0.847034000000000      -1.980600000000000E-002
  0.852018000000000      -1.921700000000000E-002
  0.856937000000000      -1.863100000000000E-002
  0.861791000000000      -1.804800000000000E-002
  0.866581000000000      -1.747100000000000E-002
  0.871307000000000      -1.690000000000000E-002
  0.875971000000000      -1.633500000000000E-002
  0.880571000000000      -1.577100000000000E-002
  0.885107000000000      -1.520900000000000E-002
  0.889582000000000      -1.465100000000000E-002
  0.893994000000000      -1.410100000000000E-002
  0.898345000000000      -1.355800000000000E-002
  0.902636000000000      -1.301800000000000E-002
  0.906865000000000      -1.248200000000000E-002
  0.911034000000000      -1.195200000000000E-002
  0.915144000000000      -1.143000000000000E-002
  0.919196000000000      -1.091300000000000E-002
  0.923188000000000      -1.040000000000000E-002
  0.927122000000000      -9.889000000000000E-003
  0.930998000000000      -9.381000000000000E-003
  0.934817000000000      -8.881000000000000E-003
  0.938579000000000      -8.387000000000000E-003
  0.942285000000000      -7.901000000000000E-003
  0.945936000000000      -7.419000000000000E-003
  0.949532000000000      -6.942000000000000E-003
  0.953073000000000      -6.469000000000000E-003
  0.956560000000000      -6.001000000000000E-003
  0.959993000000000      -5.539000000000000E-003
  0.963373000000000      -5.082000000000000E-003
  0.966701000000000      -4.631000000000000E-003
  0.969978000000000      -4.187000000000000E-003
  0.973203000000000      -3.747000000000000E-003
  0.976377000000000      -3.310000000000000E-003
  0.979500000000000      -2.874000000000000E-003
  0.982573000000000      -2.444000000000000E-003
  0.985597000000000      -2.027000000000000E-003
  0.988572000000000      -1.607000000000000E-003
  0.991501000000000      -1.204000000000000E-003
  0.994380000000000      -7.950000000000000E-004
  0.997214000000000      -4.000000000000000E-004
   2.43675736905003      -0.415639145371783     
   2.30755308286762      -0.813289049887866     
   2.09849615633231       -1.17538626832121     
   1.81872338030013       -1.48610541469105     
   1.48046216758242       -1.73186657130514     
   1.09849615633231       -1.90192879632657     
  0.689519094117724       -1.98885955447281     
  0.271405241047110       -1.98885955447281     
 -0.137571821167477       -1.90192879632657     
 -0.519537832417583       -1.73186657130514     
 -0.857799045135299       -1.48610541469105     
  -1.13757182116748       -1.17538626832121     
  -1.34662874770278      -0.813289049887863     
  -1.47583303388519      -0.415639145371782     
  -1.51953783241758       1.842362637365091E-004
  -1.47583303388519       0.416007617899256     
  -1.34662874770278       0.813657522415337     
  -1.13757182116748        1.17575474084868     
 -0.857799045135298        1.48647388721853     
 -0.519537832417582        1.73223504383261     
 -0.137571821167477        1.90229726885404     
  0.271405241047111        1.98922802700028     
  0.689519094117725        1.98922802700028     
   1.09849615633231        1.90229726885404     
   1.48046216758242        1.73223504383261     
   1.81872338030013        1.48647388721852     
   2.09849615633231        1.17575474084868     
   2.30755308286762       0.813657522415337     
   2.43675736905003       0.416007617899255     
   2.48046216758242       1.842362637362642E-004
