         397 Number of Points
         789 Number of Cells
           2 Number of Boundary Curves
         364 Number of Edges Belong to Each Curves
          30 Number of Edges Belong to Each Curves
           1           2
           2           3
           3           4
           4           5
           5           6
           6           7
           7           8
           8           9
           9          10
          10          11
          11          12
          12          13
          13          14
          14          15
          15          16
          16          17
          17          18
          18          19
          19          20
          20          21
          21          22
          22          23
          23          24
          24          25
          25          26
          26          27
          27          28
          28          29
          29          30
          30          31
          31          32
          32          33
          33          34
          34          35
          35          36
          36          37
          37          38
          38          39
          39          40
          40          41
          41          42
          42          43
          43          44
          44          45
          45          46
          46          47
          47          48
          48          49
          49          50
          50          51
          51          52
          52          53
          53          54
          54          55
          55          56
          56          57
          57          58
          58          59
          59          60
          60          61
          61          62
          62          63
          63          64
          64          65
          65          66
          66          67
          67          68
          68          69
          69          70
          70          71
          71          72
          72          73
          73          74
          74          75
          75          76
          76          77
          77          78
          78          79
          79          80
          80          81
          81          82
          82          83
          83          84
          84          85
          85          86
          86          87
          87          88
          88          89
          89          90
          90          91
          91          92
          92          93
          93          94
          94          95
          95          96
          96          97
          97          98
          98          99
          99         100
         100         101
         101         102
         102         103
         103         104
         104         105
         105         106
         106         107
         107         108
         108         109
         109         110
         110         111
         111         112
         112         113
         113         114
         114         115
         115         116
         116         117
         117         118
         118         119
         119         120
         120         121
         121         122
         122         123
         123         124
         124         125
         125         126
         126         127
         127         128
         128         129
         129         130
         130         131
         131         132
         132         133
         133         134
         134         135
         135         136
         136         137
         137         138
         138         139
         139         140
         140         141
         141         142
         142         143
         143         144
         144         145
         145         146
         146         147
         147         148
         148         149
         149         150
         150         151
         151         152
         152         153
         153         154
         154         155
         155         156
         156         157
         157         158
         158         159
         159         160
         160         161
         161         162
         162         163
         163         164
         164         165
         165         166
         166         167
         167         168
         168         169
         169         170
         170         171
         171         172
         172         173
         173         174
         174         175
         175         176
         176         177
         177         178
         178         179
         179         180
         180         181
         181         182
         182         183
         183         184
         184         185
         185         186
         186         187
         187         188
         188         189
         189         190
         190         191
         191         192
         192         193
         193         194
         194         195
         195         196
         196         197
         197         198
         198         199
         199         200
         200         201
         201         202
         202         203
         203         204
         204         205
         205         206
         206         207
         207         208
         208         209
         209         210
         210         211
         211         212
         212         213
         213         214
         214         215
         215         216
         216         217
         217         218
         218         219
         219         220
         220         221
         221         222
         222         223
         223         224
         224         225
         225         226
         226         227
         227         228
         228         229
         229         230
         230         231
         231         232
         232         233
         233         234
         234         235
         235         236
         236         237
         237         238
         238         239
         239         240
         240         241
         241         242
         242         243
         243         244
         244         245
         245         246
         246         247
         247         248
         248         249
         249         250
         250         251
         251         252
         252         253
         253         254
         254         255
         255         256
         256         257
         257         258
         258         259
         259         260
         260         261
         261         262
         262         263
         263         264
         264         265
         265         266
         266         267
         267         268
         268         269
         269         270
         270         271
         271         272
         272         273
         273         274
         274         275
         275         276
         276         277
         277         278
         278         279
         279         280
         280         281
         281         282
         282         283
         283         284
         284         285
         285         286
         286         287
         287         288
         288         289
         289         290
         290         291
         291         292
         292         293
         293         294
         294         295
         295         296
         296         297
         297         298
         298         299
         299         300
         300         301
         301         302
         302         303
         303         304
         304         305
         305         306
         306         307
         307         308
         308         309
         309         310
         310         311
         311         312
         312         313
         313         314
         314         315
         315         316
         316         317
         317         318
         318         319
         319         320
         320         321
         321         322
         322         323
         323         324
         324         325
         325         326
         326         327
         327         328
         328         329
         329         330
         330         331
         331         332
         332         333
         333         334
         334         335
         335         336
         336         337
         337         338
         338         339
         339         340
         340         341
         341         342
         342         343
         343         344
         344         345
         345         346
         346         347
         347         348
         348         349
         349         350
         350         351
         351         352
         352         353
         353         354
         354         355
         355         356
         356         357
         357         358
         358         359
         359         360
         360         361
         361         362
         362         363
         363         364
         364           1
         365         366
         366         367
         367         368
         368         369
         369         370
         370         371
         371         372
         372         373
         373         374
         374         375
         375         376
         376         377
         377         378
         378         379
         379         380
         380         381
         381         382
         382         383
         383         384
         384         385
         385         386
         386         387
         387         388
         388         389
         389         390
         390         391
         391         392
         392         393
         393         394
         394         365
     377    376    199      0         1
     403    742    755      0         1
     269     97    268      0         2
     360    541    363      0         2
     389    388     49      0         3
     103    101    779      0         3
     329     38    328      0         4
     584    661    586      0         4
     385    384    134      0         5
     273    271    771      0         5
     253    113    114      0         6
     231    304    306      0         6
     389      2      1      0         7
     729    781      9      0         7
     324     42    323      0         8
     568    651    570      0         8
     389      3      2      0         9
     727      7     11      0         9
     276     89     90      0        10
     766    384    386      0        10
     389      4      3      0        11
     722      9     13      0        11
     256    110    255      0        12
     310    515    312      0        12
     389      5      4      0        13
     716     11     15      0        13
     273     93    272      0        14
     372    549    374      0        14
     389      6      5      0        15
     714     13     17      0        15
     301     64     65      0        16
     133    480    482      0        16
     389      7      6      0        17
     708     15     19      0        17
     286     80    285      0        18
     421    575    422      0        18
     389      8      7      0        19
     704     17     21      0        19
     282     84    281      0        20
     404    567    406      0        20
     389      9      8      0        21
     702     19     23      0        21
     251    115    116      0        22
     235    298    300      0        22
     389     10      9      0        23
     698     21     25      0        23
     236    131    132      0        24
     267    258    260      0        24
     389     11     10      0        25
     692     23     27      0        25
     235    132    133      0        26
     269    256    258      0        26
     389     12     11      0        27
     688     25     29      0        27
     243    125    242      0        28
      82    489     42      0        28
     389     13     12      0        29
     686     27     31      0        29
     240    128    239      0        30
     266    483     92      0        30
     389     14     13      0        31
     680     29     33      0        31
     233    134    135      0        32
     273    254     94      0        32
     389     15     14      0        33
     676     31     35      0        33
     231    137    230      0        34
     246    465    248      0        34
     389     16     15      0        35
     674     33     37      0        35
     225    143    224      0        36
      96    453    236      0        36
     389     17     16      0        37
     670     35     39      0        37
     223    145    222      0        38
     122    449     40      0        38
     389     18     17      0        39
     664     37     41      0        39
     223    144    145      0        40
     293     38     78      0        40
     389     19     18      0        41
     660     39     43      0        41
     243    124    125      0        42
     253     28    272      0        42
     389     20     19      0        43
     656     41     45      0        43
     271     94     95      0        44
     193    368    370      0        44
     389     21     20      0        45
     654     43     47      0        45
     265    100    101      0        46
     205    348    350      0        46
     389     22     21      0        47
     648     45     49      0        47
     255    111    254      0        48
      64    513    310      0        48
     389     23     22      0        49
     644     47     51      0        49
     228    140    227      0        50
     240    459    242      0        50
     389     24     23      0        51
     642     49     53      0        51
     216    152    215      0        52
     218    435    220      0        52
     389     25     24      0        53
     638     51     55      0        53
     213    154    155      0        54
     313    212    214      0        54
     389     26     25      0        55
     632     53     57      0        55
     245    123    244      0        56
     274    493    276      0        56
     389     27     26      0        57
     628     55     59      0        57
     238    129    130      0        58
     263    264     84      0        58
     389     28     27      0        59
     624     57     61      0        59
     212    155    156      0        60
     315    110    212      0        60
     389     29     28      0        61
     620     59     63      0        61
     208    160    207      0        62
     202    419    204      0        62
     389     30     29      0        63
     616     61     65      0        63
     254    111    112      0        64
     227    308     48      0        64
     389     31     30      0        65
     612     63     67      0        65
     250    116    117      0        66
     237    296    298      0        66
     389     32     31      0        67
     608     65     69      0        67
     241    126    127      0        68
     257    268    270      0        68
     389     33     32      0        69
     604     67     71      0        69
     229    139    228      0        70
     242    461     76      0        70
     389     34     33      0        71
     600     69     73      0        71
     209    158    159      0        72
     321    100    206      0        72
     389     35     34      0        73
     598     71     75      0        73
     207    161    206      0        74
     200    417    202      0        74
     389     36     35      0        75
     592     73    768      0        75
     229    138    139      0        76
     281     70    244      0        76
     384    383    150      0        77
     305    303    769      0        77
     224    144    223      0        78
      40    451     96      0        78
     389     38     37      0        79
     586    768     81      0        79
     204    163    164      0        80
     331    196    118      0        80
     389     39     38      0        81
     582     79     83      0        81
     242    125    126      0        82
     255    270     28      0        82
     389     40     39      0        83
     578     81     85      0        83
     239    129    238      0        84
      58    481    266      0        84
     389     41     40      0        85
     574     83     87      0        85
     226    141    142      0        86
     287    238    102      0        86
     389     42     41      0        87
     570     85     89      0        87
     201    165    166      0        88
     335    126    192      0        88
     389     43     42      0        89
     568     87     91      0        89
     199    167    168      0        90
     339    162    150      0        90
     389     44     43      0        91
     566     89     93      0        91
     240    127    128      0        92
     259     30    268      0        92
     389     45     44      0        93
     560     91     95      0        93
     234    134    233      0        94
      32    471    114      0        94
     389     46     45      0        95
     558     93     97      0        95
     224    143    144      0        96
     291     78     36      0        96
     389     47     46      0        97
     552     95     99      0        97
     188    178    180      0        98
     140    176    144      0        98
     389     48     47      0        99
     550     97    101      0        99
     209    159    208      0       100
     204    418     72      0       100
     389     49     48      0       101
     544     99      3      0       101
     227    141    226      0       102
      86    457    240      0       102
     388     50     49      0       103
     540      3    105      0       103
     184    180    182      0       104
     172    106    174      0       104
     388     51     50      0       105
     538    103    107      0       105
     184    182    183      0       106
     369    371    104      0       106
     388     52     51      0       107
     532    105    109      0       107
     219    148    149      0       108
     301    226    228      0       108
     388     53     52      0       109
     528    107    111      0       109
     212    156    211      0       110
     210    427     60      0       110
     388     54     53      0       111
     524    109    113      0       111
     191    175    176      0       112
     355    166    180      0       112
     388     55     54      0       113
     520    111    115      0       113
     234    133    134      0       114
     271     94    256      0       114
     388     56     55      0       115
     516    113    117      0       115
     218    149    150      0       116
     303    224    226      0       116
     388     57     56      0       117
     514    115    119      0       117
     205    163    204      0       118
      80    413    154      0       118
     388     58     57      0       119
     508    117    121      0       119
     193    174    192      0       120
     156    389    146      0       120
     388     59     58      0       121
     504    119    123      0       121
     222    145    146      0       122
     295    234     38      0       122
     388     60     59      0       123
     500    121    125      0       123
     221    146    147      0       124
     297    232    234      0       124
     388     61     60      0       125
     496    123    127      0       125
     201    166    200      0       126
     190    405     88      0       126
     388     62     61      0       127
     492    125    129      0       127
     197    170    196      0       128
     188    397    138      0       128
     388     63     62      0       129
     488    127    131      0       129
     210    157    158      0       130
     319    206    208      0       130
     388     64     63      0       131
     486    129    133      0       131
     203    164    165      0       132
     333    194    196      0       132
     388     65     64      0       133
      16    131    135      0       133
     196    171    195      0       134
     186    395    188      0       134
     388     66     65      0       135
     480    133    137      0       135
     194    173    193      0       136
     146    391    182      0       136
     388     67     66      0       137
     474    135    139      0       137
     197    169    170      0       138
     343    128    142      0       138
     388     68     67      0       139
     470    137    141      0       139
     180    178    179      0       140
     361    750     98      0       140
     388     69     68      0       141
     466    139    143      0       141
     198    169    197      0       142
     138    399    148      0       142
     388     70     69      0       143
     462    141    145      0       143
     189    178    188      0       144
      98    381    168      0       144
     388     71     70      0       145
     460    143    147      0       145
     193    173    174      0       146
     351    120    136      0       146
     388     72     71      0       147
     454    145    149      0       147
     198    168    169      0       148
     341    142    162      0       148
     388     73     72      0       149
     450    147    151      0       149
     200    167    199      0       150
      90    403    190      0       150
     388     74     73      0       151
     448    149    153      0       151
     217    150    151      0       152
     305    222    224      0       152
     388     75     74      0       153
     442    151    155      0       153
     205    162    163      0       154
     329    118    198      0       154
     388     76     75      0       155
     438    153    157      0       155
     192    174    175      0       156
     752    180    120      0       156
     388     77     76      0       157
     434    155    159      0       157
     215    153    214      0       158
     216    433    218      0       158
     388     78     77      0       159
     430    157    777      0       159
     190    176    177      0       160
     357    178    166      0       160
     387     79     78      0       161
     426    777    163      0       161
     199    168    198      0       162
     148    742     90      0       162
     387     80     79      0       163
     422    161    165      0       163
     187    180    186      0       164
     174    748    176      0       164
     387     81     80      0       165
     421    163    167      0       165
     191    176    190      0       166
     160    746    112      0       166
     387     82     81      0       167
     414    165    169      0       167
     189    177    178      0       168
     359    144    178      0       168
     387     83     82      0       169
     410    167    171      0       169
     186    184    185      0       170
     373    375    174      0       170
     387     84     83      0       171
     406    169    173      0       171
     182    180    181      0       172
     365    367    104      0       172
     387     85     84      0       173
     404    171    175      0       173
     186    180    184      0       174
     104    170    164      0       174
     387     86     85      0       175
     400    173    177      0       175
     188    180    187      0       176
     164    379     98      0       176
     387     87     86      0       177
     396    175    179      0       177
     190    177    189      0       178
     168    383    160      0       178
     387     88     87      0       179
     394    177    181      0       179
     192    175    191      0       180
     112    387    156      0       180
     387     89     88      0       181
     388    179    766      0       181
     194    172    173      0       182
     349    136    184      0       182
     383    382    161      0       183
     327    322    767      0       183
     195    172    194      0       184
     182    744    186      0       184
     387     91     90      0       185
     382    766    187      0       185
     195    171    172      0       186
     347    184    134      0       186
     387     92     91      0       187
     378    185    189      0       187
     196    170    171      0       188
     345    134    128      0       188
     387     93     92      0       189
     374    187    191      0       189
     200    166    167      0       190
     337    150    126      0       190
     387     94     93      0       191
     372    189    193      0       191
     202    165    201      0       192
      88    407    194      0       192
     387     95     94      0       193
      44    191    195      0       193
     203    165    202      0       194
     192    409    132      0       194
     387     96     95      0       195
     366    193    197      0       195
     204    164    203      0       196
     132    411     80      0       196
     387     97     96      0       197
     363    195    199      0       197
     206    162    205      0       198
     154    415    200      0       198
     387     98     97      0       199
     360    197    201      0       199
     206    161    162      0       200
     327    198     74      0       200
     387     99     98      0       201
     356    199    775      0       201
     207    160    161      0       202
     322     74     62      0       202
     386    100     99      0       203
     352    775    205      0       203
     208    159    160      0       204
     323     62    100      0       204
     386    101    100      0       205
      46    203    207      0       205
     210    158    209      0       206
      72    423    130      0       206
     386    102    101      0       207
     346    205    209      0       207
     211    157    210      0       208
     130    425    210      0       208
     386    103    102      0       209
     342    207    211      0       209
     211    156    157      0       210
     317    208    110      0       210
     386    104    103      0       211
     338    209    213      0       211
     213    155    212      0       212
      60    429     54      0       212
     386    105    104      0       213
     334    211    215      0       213
     214    154    213      0       214
      54    431    216      0       214
     386    106    105      0       215
     330    213    217      0       215
     214    153    154      0       216
     311    214    158      0       216
     386    107    106      0       217
     326    215    219      0       217
     215    152    153      0       218
     309    158     52      0       218
     386    108    107      0       219
     320    217    221      0       219
     216    151    152      0       220
     307     52    222      0       220
     386    109    108      0       221
     316    219    223      0       221
     217    151    216      0       222
     220    437    152      0       222
     386    110    109      0       223
     312    221    225      0       223
     218    150    217      0       224
     152    439    116      0       224
     386    111    110      0       225
     310    223    227      0       225
     219    149    218      0       226
     116    441    108      0       226
     386    112    111      0       227
      64    225    229      0       227
     220    148    219      0       228
     108    443    230      0       228
     386    113    112      0       229
     308    227    231      0       229
     220    147    148      0       230
     299    228    232      0       230
     386    114    113      0       231
       6    229    233      0       231
     221    147    220      0       232
     230    445    124      0       232
     386    115    114      0       233
     302    231    235      0       233
     222    146    221      0       234
     124    447    122      0       234
     386    116    115      0       235
      22    233    237      0       235
     225    142    143      0       236
     289     36    238      0       236
     386    117    116      0       237
      66    235    730      0       237
     226    142    225      0       238
     236    455     86      0       238
     385    118    117      0       239
     294    730    764      0       239
     227    140    141      0       240
     285    102     50      0       240
     382    381    168      0       241
     341    339    754      0       241
     228    139    140      0       242
     283     50     70      0       242
     385    120    119      0       243
     286    764    245      0       243
     230    138    229      0       244
      76    463    246      0       244
     385    121    120      0       245
     282    243    247      0       245
     230    137    138      0       246
     279    244     34      0       246
     385    122    121      0       247
     278    245    249      0       247
     231    136    137      0       248
     277     34    250      0       248
     385    123    122      0       249
     276    247    251      0       249
     232    136    231      0       250
     248    467    252      0       250
     385    124    123      0       251
     274    249    253      0       251
     232    135    136      0       252
     275    250    254      0       252
     385    125    124      0       253
      42    251    255      0       253
     233    135    232      0       254
     252    469     32      0       254
     385    126    125      0       255
      82    253    257      0       255
     235    133    234      0       256
     114    473     26      0       256
     385    127    126      0       257
      68    255    259      0       257
     236    132    235      0       258
      26    475     24      0       258
     385    128    127      0       259
      92    257    261      0       259
     237    131    236      0       260
      24    477    262      0       260
     385    129    128      0       261
     266    259    263      0       261
     237    130    131      0       262
     265    260    264      0       262
     385    130    129      0       263
      58    261    265      0       263
     238    130    237      0       264
     262    479     58      0       264
     385    131    130      0       265
     262    263    267      0       265
     239    128    129      0       266
     261     84     30      0       266
     385    132    131      0       267
      24    265    269      0       267
     241    127    240      0       268
      92    485     68      0       268
     385    133    132      0       269
      26    267    271      0       269
     242    126    241      0       270
      68    487     82      0       270
     385    134    133      0       271
     114    269      5      0       271
     244    124    243      0       272
      42    491    274      0       272
     384    135    134      0       273
      32      5    275      0       273
     244    123    124      0       274
     251    272     56      0       274
     384    136    135      0       275
     252    273    277      0       275
     245    122    123      0       276
     249     56    278      0       276
     384    137    136      0       277
     248    275    279      0       277
     245    121    122      0       278
     247    276    280      0       278
     384    138    137      0       279
     246    277    281      0       279
     246    121    245      0       280
     278    495    282      0       280
     384    139    138      0       281
      76    279    283      0       281
     246    120    121      0       282
     245    280    284      0       282
     384    140    139      0       283
     242    281    285      0       283
     247    120    246      0       284
     282    497    286      0       284
     384    141    140      0       285
     240    283    287      0       285
     247    119    120      0       286
     243    284    288      0       286
     384    142    141      0       287
      86    285    289      0       287
     248    119    247      0       288
     286    499    290      0       288
     384    143    142      0       289
     236    287    291      0       289
     248    118    119      0       290
     764    288    292      0       290
     384    144    143      0       291
      96    289    293      0       291
     249    118    248      0       292
     290    501    294      0       292
     384    145    144      0       293
      40    291    295      0       293
     249    117    118      0       294
     239    292    296      0       294
     384    146    145      0       295
     122    293    297      0       295
     250    117    249      0       296
     294    503     66      0       296
     384    147    146      0       297
     124    295    299      0       297
     251    116    250      0       298
      66    505     22      0       298
     384    148    147      0       299
     230    297    301      0       299
     252    115    251      0       300
      22    507    302      0       300
     384    149    148      0       301
     108    299    303      0       301
     252    114    115      0       302
     233    300    304      0       302
     384    150    149      0       303
     116    301     77      0       303
     253    114    252      0       304
     302    509      6      0       304
     383    151    150      0       305
     152     77    307      0       305
     254    113    253      0       306
       6    511    308      0       306
     383    152    151      0       307
     220    305    309      0       307
     254    112    113      0       308
     229    306     64      0       308
     383    153    152      0       309
     218    307    311      0       309
     255    110    111      0       310
     225     48     12      0       310
     383    154    153      0       311
     216    309    313      0       311
     256    109    110      0       312
     223     12    314      0       312
     383    155    154      0       313
      54    311    315      0       313
     257    109    256      0       314
     312    517    316      0       314
     383    156    155      0       315
      60    313    317      0       315
     257    108    109      0       316
     221    314    318      0       316
     383    157    156      0       317
     210    315    319      0       317
     258    108    257      0       318
     316    519    320      0       318
     383    158    157      0       319
     130    317    321      0       319
     258    107    108      0       320
     219    318    325      0       320
     383    159    158      0       321
      72    319    323      0       321
     383    161    160      0       322
     202    323    183      0       322
     383    160    159      0       323
     204    321    322      0       323
     375    374    218      0       324
     441    439    751      0       324
     259    107    258      0       325
     320    521    326      0       325
     259    106    107      0       326
     217    325    328      0       326
     382    162    161      0       327
     200    183    329      0       327
     260    106    259      0       328
     326    523    330      0       328
     382    163    162      0       329
     154    327    331      0       329
     260    105    106      0       330
     215    328    332      0       330
     382    164    163      0       331
      80    329    333      0       331
     261    105    260      0       332
     330    525    334      0       332
     382    165    164      0       333
     132    331    335      0       333
     261    104    105      0       334
     213    332    336      0       334
     382    166    165      0       335
      88    333    337      0       335
     262    104    261      0       336
     334    527    338      0       336
     382    167    166      0       337
     190    335    339      0       337
     262    103    104      0       338
     211    336    340      0       338
     382    168    167      0       339
      90    337    241      0       339
     263    103    262      0       340
     338    529    342      0       340
     381    169    168      0       341
     148    241    343      0       341
     263    102    103      0       342
     209    340    344      0       342
     381    170    169      0       343
     138    341    345      0       343
     264    102    263      0       344
     342    531    346      0       344
     381    171    170      0       345
     188    343    347      0       345
     264    101    102      0       346
     207    344    348      0       346
     381    172    171      0       347
     186    345    349      0       347
     265    101    264      0       348
     346    533     46      0       348
     381    173    172      0       349
     182    347    763      0       349
     266    100    265      0       350
      46    535    352      0       350
     380    174    173      0       351
     146    763    752      0       351
     266     99    100      0       352
     203    350    354      0       352
     376    375    207      0       353
     419    417    753      0       353
     267     99    266      0       354
     352    537    356      0       354
     380    176    175      0       355
     112    752    357      0       355
     267     98     99      0       356
     201    354    358      0       356
     380    177    176      0       357
     160    355    359      0       357
     268     98    267      0       358
     356    539    360      0       358
     380    178    177      0       359
     168    357    361      0       359
     268     97     98      0       360
     199    358      2      0       360
     380    179    178      0       361
     140    359    761      0       361
     366    365      1      0       362
     770    735    733      0       362
     269     96     97      0       363
     197      2    364      0       363
     270     96    269      0       364
     363    543    366      0       364
     379    181    180      0       365
     172    750    367      0       365
     270     95     96      0       366
     195    364    368      0       366
     379    182    181      0       367
     172    365    369      0       367
     271     95    270      0       368
     366    545     44      0       368
     379    183    182      0       369
     106    367    371      0       369
     272     94    271      0       370
      44    547    372      0       370
     379    184    183      0       371
     106    369    373      0       371
     272     93     94      0       372
     191    370     14      0       372
     379    185    184      0       373
     170    371    375      0       373
     273     92     93      0       374
     189     14    376      0       374
     379    186    185      0       375
     170    373    748      0       375
     274     92    273      0       376
     374    551    378      0       376
     374    373    233      0       377
     471    469    749      0       377
     274     91     92      0       378
     187    376    380      0       378
     379    188    187      0       379
     176    748    759      0       379
     275     91    274      0       380
     378    553    382      0       380
     378    189    188      0       381
     144    759    383      0       381
     275     90     91      0       382
     185    380    384      0       382
     378    190    189      0       383
     178    381    746      0       383
     276     90    275      0       384
     382    555     10      0       384
     373    372    250      0       385
     505    503    747      0       385
     277     89    276      0       386
      10    557    388      0       386
     378    192    191      0       387
     180    746    389      0       387
     277     88     89      0       388
     181    386    390      0       388
     378    193    192      0       389
     120    387    391      0       389
     278     88    277      0       390
     388    559    392      0       390
     378    194    193      0       391
     136    389    757      0       391
     279     88    278      0       392
     390    561    394      0       392
     372    371    267      0       393
     539    537    743      0       393
     279     87     88      0       394
     179    392    396      0       394
     377    196    195      0       395
     134    744    397      0       395
     279     86     87      0       396
     177    394    398      0       396
     377    197    196      0       397
     128    395    399      0       397
     280     86    279      0       398
     396    563    400      0       398
     377    198    197      0       399
     142    397    742      0       399
     280     85     86      0       400
     175    398    402      0       400
     371    370    288      0       401
     581    579    732      0       401
     281     85    280      0       402
     400    565    404      0       402
     376    200    199      0       403
     150      1    405      0       403
     281     84     85      0       404
     173    402     20      0       404
     376    201    200      0       405
     126    403    407      0       405
     282     83     84      0       406
     171     20    408      0       406
     376    202    201      0       407
     192    405    409      0       407
     283     83    282      0       408
     406    569    410      0       408
     376    203    202      0       409
     194    407    411      0       409
     283     82     83      0       410
     169    408    412      0       410
     376    204    203      0       411
     196    409    413      0       411
     284     82    283      0       412
     410    571    414      0       412
     376    205    204      0       413
     118    411    415      0       413
     284     81     82      0       414
     167    412    416      0       414
     376    206    205      0       415
     198    413    417      0       415
     285     81    284      0       416
     414    573    421      0       416
     376    207    206      0       417
      74    415    353      0       417
     375    209    208      0       418
     100    419    423      0       418
     375    208    207      0       419
      62    353    418      0       419
     362    361    360      0       420
     712    725    718      0       420
     285     80     81      0       421
     165    416     18      0       421
     286     79     80      0       422
     163     18    424      0       422
     375    210    209      0       423
     206    418    425      0       423
     287     79    286      0       424
     422    577    426      0       424
     375    211    210      0       425
     208    423    427      0       425
     287     78     79      0       426
     161    424    428      0       426
     375    212    211      0       427
     110    425    429      0       427
     288     78    287      0       428
     426    579    430      0       428
     375    213    212      0       429
     212    427    431      0       429
     288     77     78      0       430
     159    428    432      0       430
     375    214    213      0       431
     214    429    433      0       431
     289     77    288      0       432
     430    581    434      0       432
     375    215    214      0       433
     158    431    435      0       433
     289     76     77      0       434
     157    432    436      0       434
     375    216    215      0       435
      52    433    437      0       435
     290     76    289      0       436
     434    583    438      0       436
     375    217    216      0       437
     222    435    439      0       437
     290     75     76      0       438
     155    436    440      0       438
     375    218    217      0       439
     224    437    324      0       439
     291     75    290      0       440
     438    585    442      0       440
     374    219    218      0       441
     226    324    443      0       441
     291     74     75      0       442
     153    440    444      0       442
     374    220    219      0       443
     228    441    445      0       443
     292     74    291      0       444
     442    587    446      0       444
     374    221    220      0       445
     232    443    447      0       445
     293     74    292      0       446
     444    589    448      0       446
     374    222    221      0       447
     234    445    449      0       447
     293     73     74      0       448
     151    446    450      0       448
     374    223    222      0       449
      38    447    451      0       449
     293     72     73      0       450
     149    448    452      0       450
     374    224    223      0       451
      78    449    453      0       451
     294     72    293      0       452
     450    591    454      0       452
     374    225    224      0       453
      36    451    455      0       453
     294     71     72      0       454
     147    452    456      0       454
     374    226    225      0       455
     238    453    457      0       455
     295     71    294      0       456
     454    593    458      0       456
     374    227    226      0       457
     102    455    459      0       457
     296     71    295      0       458
     456    595    460      0       458
     374    228    227      0       459
      50    457    461      0       459
     296     70     71      0       460
     145    458    462      0       460
     374    229    228      0       461
      70    459    463      0       461
     296     69     70      0       462
     143    460    464      0       462
     374    230    229      0       463
     244    461    465      0       463
     297     69    296      0       464
     462    597    466      0       464
     374    231    230      0       465
      34    463    467      0       465
     297     68     69      0       466
     141    464    468      0       466
     374    232    231      0       467
     250    465    469      0       467
     298     68    297      0       468
     466    599    470      0       468
     374    233    232      0       469
     254    467    377      0       469
     298     67     68      0       470
     139    468    472      0       470
     373    234    233      0       471
      94    377    473      0       471
     299     67    298      0       472
     470    601    474      0       472
     373    235    234      0       473
     256    471    475      0       473
     299     66     67      0       474
     137    472    476      0       474
     373    236    235      0       475
     258    473    477      0       475
     300     66    299      0       476
     474    603    478      0       476
     373    237    236      0       477
     260    475    479      0       477
     301     66    300      0       478
     476    605    480      0       478
     373    238    237      0       479
     264    477    481      0       479
     301     65     66      0       480
     135    478     16      0       480
     373    239    238      0       481
      84    479    483      0       481
     302     64    301      0       482
      16    607    484      0       482
     373    240    239      0       483
      30    481    485      0       483
     303     64    302      0       484
     482    609    486      0       484
     373    241    240      0       485
     268    483    487      0       485
     303     63     64      0       486
     131    484    488      0       486
     373    242    241      0       487
     270    485    489      0       487
     303     62     63      0       488
     129    486    490      0       488
     373    243    242      0       489
      28    487    491      0       489
     304     62    303      0       490
     488    611    492      0       490
     373    244    243      0       491
     272    489    493      0       491
     304     61     62      0       492
     127    490    494      0       492
     373    245    244      0       493
      56    491    495      0       493
     305     61    304      0       494
     492    613    496      0       494
     373    246    245      0       495
     280    493    497      0       495
     305     60     61      0       496
     125    494    498      0       496
     373    247    246      0       497
     284    495    499      0       497
     306     60    305      0       498
     496    615    500      0       498
     373    248    247      0       499
     288    497    501      0       499
     306     59     60      0       500
     123    498    502      0       500
     373    249    248      0       501
     292    499    503      0       501
     307     59    306      0       502
     500    617    504      0       502
     373    250    249      0       503
     296    501    385      0       503
     307     58     59      0       504
     121    502    506      0       504
     372    251    250      0       505
     298    385    507      0       505
     308     58    307      0       506
     504    619    508      0       506
     372    252    251      0       507
     300    505    509      0       507
     308     57     58      0       508
     119    506    510      0       508
     372    253    252      0       509
     304    507    511      0       509
     309     57    308      0       510
     508    621    512      0       510
     372    254    253      0       511
     306    509    513      0       511
     310     57    309      0       512
     510    623    514      0       512
     372    255    254      0       513
      48    511    515      0       513
     310     56     57      0       514
     117    512    516      0       514
     372    256    255      0       515
      12    513    517      0       515
     310     55     56      0       516
     115    514    518      0       516
     372    257    256      0       517
     314    515    519      0       517
     311     55    310      0       518
     516    625    520      0       518
     372    258    257      0       519
     318    517    521      0       519
     311     54     55      0       520
     113    518    522      0       520
     372    259    258      0       521
     325    519    523      0       521
     312     54    311      0       522
     520    627    524      0       522
     372    260    259      0       523
     328    521    525      0       523
     312     53     54      0       524
     111    522    526      0       524
     372    261    260      0       525
     332    523    527      0       525
     313     53    312      0       526
     524    629    528      0       526
     372    262    261      0       527
     336    525    529      0       527
     313     52     53      0       528
     109    526    530      0       528
     372    263    262      0       529
     340    527    531      0       529
     314     52    313      0       530
     528    631    532      0       530
     372    264    263      0       531
     344    529    533      0       531
     314     51     52      0       532
     107    530    534      0       532
     372    265    264      0       533
     348    531    535      0       533
     315     51    314      0       534
     532    633    536      0       534
     372    266    265      0       535
     350    533    537      0       535
     316     51    315      0       536
     534    635    538      0       536
     372    267    266      0       537
     354    535    393      0       537
     316     50     51      0       538
     105    536    540      0       538
     371    268    267      0       539
     358    393    541      0       539
     316     49     50      0       540
     103    538    542      0       540
     371    269    268      0       541
       2    539    543      0       541
     317     49    316      0       542
     540    637    544      0       542
     371    270    269      0       543
     364    541    545      0       543
     317     48     49      0       544
     101    542    546      0       544
     371    271    270      0       545
     368    543    547      0       545
     318     48    317      0       546
     544    639    548      0       546
     371    272    271      0       547
     370    545    549      0       547
     319     48    318      0       548
     546    641    550      0       548
     371    273    272      0       549
      14    547    551      0       549
     319     47     48      0       550
      99    548    552      0       550
     371    274    273      0       551
     376    549    553      0       551
     319     46     47      0       552
      97    550    554      0       552
     371    275    274      0       553
     380    551    555      0       553
     320     46    319      0       554
     552    643    556      0       554
     371    276    275      0       555
     384    553    557      0       555
     321     46    320      0       556
     554    645    558      0       556
     371    277    276      0       557
     386    555    559      0       557
     321     45     46      0       558
      95    556    560      0       558
     371    278    277      0       559
     390    557    561      0       559
     321     44     45      0       560
      93    558    562      0       560
     371    279    278      0       561
     392    559    563      0       561
     322     44    321      0       562
     560    647    564      0       562
     371    280    279      0       563
     398    561    565      0       563
     323     44    322      0       564
     562    649    566      0       564
     371    281    280      0       565
     402    563    567      0       565
     323     43     44      0       566
      91    564    568      0       566
     371    282    281      0       567
      20    565    569      0       567
     323     42     43      0       568
      89    566      8      0       568
     371    283    282      0       569
     408    567    571      0       569
     324     41     42      0       570
      87      8    572      0       570
     371    284    283      0       571
     412    569    573      0       571
     325     41    324      0       572
     570    653    574      0       572
     371    285    284      0       573
     416    571    575      0       573
     325     40     41      0       574
      85    572    576      0       574
     371    286    285      0       575
      18    573    577      0       575
     326     40    325      0       576
     574    655    578      0       576
     371    287    286      0       577
     424    575    579      0       577
     326     39     40      0       578
      83    576    580      0       578
     371    288    287      0       579
     428    577    401      0       579
     327     39    326      0       580
     578    657    582      0       580
     370    289    288      0       581
     432    401    583      0       581
     327     38     39      0       582
      81    580    584      0       582
     370    290    289      0       583
     436    581    585      0       583
     328     38    327      0       584
     582    659      4      0       584
     370    291    290      0       585
     440    583    587      0       585
     329     37     38      0       586
      79      4    588      0       586
     370    292    291      0       587
     444    585    589      0       587
     329     36     37      0       588
     768    586    590      0       588
     370    293    292      0       589
     446    587    591      0       589
     330     36    329      0       590
     588    663    592      0       590
     370    294    293      0       591
     452    589    593      0       591
     330     35     36      0       592
      75    590    594      0       592
     370    295    294      0       593
     456    591    595      0       593
     331     35    330      0       594
     592    665    596      0       594
     370    296    295      0       595
     458    593    597      0       595
     332     35    331      0       596
     594    667    598      0       596
     370    297    296      0       597
     464    595    599      0       597
     332     34     35      0       598
      73    596    600      0       598
     370    298    297      0       599
     468    597    601      0       599
     332     33     34      0       600
      71    598    602      0       600
     370    299    298      0       601
     472    599    603      0       601
     333     33    332      0       602
     600    669    604      0       602
     370    300    299      0       603
     476    601    605      0       603
     333     32     33      0       604
      69    602    606      0       604
     370    301    300      0       605
     478    603    607      0       605
     334     32    333      0       606
     604    671    608      0       606
     370    302    301      0       607
     482    605    609      0       607
     334     31     32      0       608
      67    606    610      0       608
     370    303    302      0       609
     484    607    611      0       609
     335     31    334      0       610
     608    673    612      0       610
     370    304    303      0       611
     490    609    613      0       611
     335     30     31      0       612
      65    610    614      0       612
     370    305    304      0       613
     494    611    615      0       613
     336     30    335      0       614
     612    675    616      0       614
     370    306    305      0       615
     498    613    617      0       615
     336     29     30      0       616
      63    614    618      0       616
     370    307    306      0       617
     502    615    619      0       617
     337     29    336      0       618
     616    677    620      0       618
     370    308    307      0       619
     506    617    621      0       619
     337     28     29      0       620
      61    618    622      0       620
     370    309    308      0       621
     510    619    623      0       621
     338     28    337      0       622
     620    679    624      0       622
     370    310    309      0       623
     512    621    625      0       623
     338     27     28      0       624
      59    622    626      0       624
     370    311    310      0       625
     518    623    627      0       625
     339     27    338      0       626
     624    681    628      0       626
     370    312    311      0       627
     522    625    629      0       627
     339     26     27      0       628
      57    626    630      0       628
     370    313    312      0       629
     526    627    631      0       629
     340     26    339      0       630
     628    683    632      0       630
     370    314    313      0       631
     530    629    633      0       631
     340     25     26      0       632
      55    630    634      0       632
     370    315    314      0       633
     534    631    635      0       633
     341     25    340      0       634
     632    685    636      0       634
     370    316    315      0       635
     536    633    637      0       635
     342     25    341      0       636
     634    687    638      0       636
     370    317    316      0       637
     542    635    741      0       637
     342     24     25      0       638
      53    636    640      0       638
     369    318    317      0       639
     546    741    641      0       639
     343     24    342      0       640
     638    689    642      0       640
     369    319    318      0       641
     548    639    643      0       641
     343     23     24      0       642
      51    640    644      0       642
     369    320    319      0       643
     554    641    645      0       643
     343     22     23      0       644
      49    642    646      0       644
     369    321    320      0       645
     556    643    647      0       645
     344     22    343      0       646
     644    691    648      0       646
     369    322    321      0       647
     562    645    649      0       647
     344     21     22      0       648
      47    646    650      0       648
     369    323    322      0       649
     564    647    651      0       649
     345     21    344      0       650
     648    693    652      0       650
     369    324    323      0       651
       8    649    653      0       651
     346     21    345      0       652
     650    695    654      0       652
     369    325    324      0       653
     572    651    655      0       653
     346     20     21      0       654
      45    652    656      0       654
     369    326    325      0       655
     576    653    657      0       655
     346     19     20      0       656
      43    654    658      0       656
     369    327    326      0       657
     580    655    659      0       657
     347     19    346      0       658
     656    697    660      0       658
     369    328    327      0       659
     584    657    661      0       659
     347     18     19      0       660
      41    658    662      0       660
     369    329    328      0       661
       4    659    663      0       661
     348     18    347      0       662
     660    699    664      0       662
     369    330    329      0       663
     590    661    665      0       663
     348     17     18      0       664
      39    662    666      0       664
     369    331    330      0       665
     594    663    667      0       665
     349     17    348      0       666
     664    701    668      0       666
     369    332    331      0       667
     596    665    669      0       667
     350     17    349      0       668
     666    703    670      0       668
     369    333    332      0       669
     602    667    671      0       669
     350     16     17      0       670
      37    668    672      0       670
     369    334    333      0       671
     606    669    673      0       671
     351     16    350      0       672
     670    705    674      0       672
     369    335    334      0       673
     610    671    675      0       673
     351     15     16      0       674
      35    672    676      0       674
     369    336    335      0       675
     614    673    677      0       675
     351     14     15      0       676
      33    674    678      0       676
     369    337    336      0       677
     618    675    679      0       677
     352     14    351      0       678
     676    707    680      0       678
     369    338    337      0       679
     622    677    681      0       679
     352     13     14      0       680
      31    678    682      0       680
     369    339    338      0       681
     626    679    683      0       681
     353     13    352      0       682
     680    709    684      0       682
     369    340    339      0       683
     630    681    685      0       683
     354     13    353      0       684
     682    711    686      0       684
     369    341    340      0       685
     634    683    687      0       685
     354     12     13      0       686
      29    684    688      0       686
     369    342    341      0       687
     636    685    689      0       687
     354     11     12      0       688
      27    686    690      0       688
     369    343    342      0       689
     640    687    691      0       689
     355     11    354      0       690
     688    713    692      0       690
     369    344    343      0       691
     646    689    693      0       691
     355     10     11      0       692
      25    690    694      0       692
     369    345    344      0       693
     650    691    695      0       693
     356     10    355      0       694
     692    715    696      0       694
     369    346    345      0       695
     652    693    697      0       695
     357     10    356      0       696
     694    717    698      0       696
     369    347    346      0       697
     658    695    699      0       697
     357      9     10      0       698
      23    696    700      0       698
     369    348    347      0       699
     662    697    701      0       699
     358      9    357      0       700
     698    719    702      0       700
     369    349    348      0       701
     666    699    703      0       701
     358      8      9      0       702
      21    700    704      0       702
     369    350    349      0       703
     668    701    705      0       703
     358      7      8      0       704
      19    702    706      0       704
     369    351    350      0       705
     672    703    707      0       705
     359      7    358      0       706
     704    721    708      0       706
     369    352    351      0       707
     678    705    709      0       707
     359      6      7      0       708
      17    706    710      0       708
     369    353    352      0       709
     682    707    711      0       709
     360      6    359      0       710
     708    720    712      0       710
     369    354    353      0       711
     684    709    713      0       711
     361      6    360      0       712
     710    420    714      0       712
     369    355    354      0       713
     690    711    715      0       713
     361      5      6      0       714
      15    712    716      0       714
     369    356    355      0       715
     694    713    717      0       715
     361      4      5      0       716
      13    714    718      0       716
     369    357    356      0       717
     696    715    719      0       717
     362      4    361      0       718
     716    420    723      0       718
     369    358    357      0       719
     700    717    721      0       719
     369    360    359      0       720
     710    721    725      0       720
     369    359    358      0       721
     706    719    720      0       721
     363      3      4      0       722
      11    723    727      0       722
     363      4    362      0       723
     718    724    722      0       723
     369    363    362      0       724
     723    725    728      0       724
     369    362    360      0       725
     420    720    724      0       725
     364      2    363      0       726
     727    728    729      0       726
     363      2      3      0       727
       9    722    726      0       727
     369    364    363      0       728
     726    724    731      0       728
     364      1      2      0       729
       7    726    731      0       729
     386    385    117      0       730
     239    237    773      0       730
     369      1    364      0       731
     729    728    739      0       731
     371    397    370      0       732
     740    401    743      0       732
     397    365    366      0       733
     362    734    782      0       733
     397    366    367      0       734
     735    736    733      0       734
     367    366      1      0       735
     362    737    734      0       735
     397    367    368      0       736
     737    738    734      0       736
     368    367      1      0       737
     735    739    736      0       737
     397    368    369      0       738
     739    740    736      0       738
     369    368      1      0       739
     737    731    738      0       739
     397    369    370      0       740
     741    732    738      0       740
     370    369    317      0       741
     639    637    740      0       741
     377    199    198      0       742
     162    399      1      0       742
     372    397    371      0       743
     732    393    745      0       743
     377    195    194      0       744
     184    757    395      0       744
     372    396    397      0       745
       0    743    747      0       745
     378    191    190      0       746
     166    383    387      0       746
     396    372    373      0       747
     385    749    745      0       747
     379    187    186      0       748
     164    375    379      0       748
     396    373    374      0       749
     377    751    747      0       749
     379    180    179      0       750
     140    761    365      0       750
     396    374    375      0       751
     324    753    749      0       751
     380    175    174      0       752
     156    351    355      0       752
     396    375    376      0       753
     353    755    751      0       753
     382    396    381      0       754
     762    241    765      0       754
     396    376    377      0       755
       1    756    753      0       755
     396    377    378      0       756
     757    758    755      0       756
     378    377    194      0       757
     744    391    756      0       757
     396    378    379      0       758
     759    760    756      0       758
     379    378    188      0       759
     381    379    758      0       759
     396    379    380      0       760
     761    762    758      0       760
     380    379    179      0       761
     750    361    760      0       761
     396    380    381      0       762
     763    754    760      0       762
     381    380    173      0       763
     351    349    762      0       763
     385    119    118      0       764
     290    239    243      0       764
     382    395    396      0       765
       0    754    767      0       765
     387     90     89      0       766
      10    181    185      0       766
     395    382    383      0       767
     183    769    765      0       767
     389     37     36      0       768
     588     75     79      0       768
     395    383    384      0       769
      77    771    767      0       769
     394      1    365      0       770
     362    782    789      0       770
     395    384    385      0       771
       5    773    769      0       771
     391    390      1      0       772
     781    785    778      0       772
     395    385    386      0       773
     730    774    771      0       773
     395    386    387      0       774
     775    776    773      0       774
     387    386     99      0       775
     203    201    774      0       775
     395    387    388      0       776
     777    779    774      0       776
     388    387     78      0       777
     161    159    776      0       777
     391    395    390      0       778
     780    772    783      0       778
     395    388    389      0       779
       3    780    776      0       779
     395    389    390      0       780
     781    778    779      0       780
     390    389      1      0       781
       7    772    780      0       781
     365    397    394      0       782
     788    770    733      0       782
     391    397    395      0       783
       0    778    784      0       783
     397    391    392      0       784
     785    786    783      0       784
     392    391      1      0       785
     772    787    784      0       785
     397    392    393      0       786
     787    788    784      0       786
     393    392      1      0       787
     785    789    786      0       787
     397    393    394      0       788
     789    782    786      0       788
     394    393      1      0       789
     787    770    788      0       789
   1.00000000000000       0.000000000000000E+000
  0.997214000000000       4.000000000000000E-004
  0.994380000000000       7.950000000000000E-004
  0.991501000000000       1.204000000000000E-003
  0.988572000000000       1.609000000000000E-003
  0.985597000000000       2.025000000000000E-003
  0.982573000000000       2.445000000000000E-003
  0.979500000000000       2.875000000000000E-003
  0.976377000000000       3.310000000000000E-003
  0.973203000000000       3.746000000000000E-003
  0.969978000000000       4.186000000000000E-003
  0.966701000000000       4.631000000000000E-003
  0.963373000000000       5.082000000000000E-003
  0.959993000000000       5.539000000000000E-003
  0.956560000000000       6.001000000000000E-003
  0.953073000000000       6.469000000000000E-003
  0.949532000000000       6.942000000000000E-003
  0.945936000000000       7.419000000000000E-003
  0.942285000000000       7.901000000000000E-003
  0.938579000000000       8.388000000000000E-003
  0.934817000000000       8.881000000000000E-003
  0.930998000000000       9.381000000000000E-003
  0.927122000000000       9.889000000000000E-003
  0.923188000000000       1.040000000000000E-002
  0.919196000000000       1.091300000000000E-002
  0.915144000000000       1.143000000000000E-002
  0.911034000000000       1.195200000000000E-002
  0.906865000000000       1.248200000000000E-002
  0.902636000000000       1.301800000000000E-002
  0.898345000000000       1.355800000000000E-002
  0.893994000000000       1.410100000000000E-002
  0.889581000000000       1.465100000000000E-002
  0.885107000000000       1.520900000000000E-002
  0.880571000000000       1.577100000000000E-002
  0.875971000000000       1.633500000000000E-002
  0.871307000000000       1.690000000000000E-002
  0.866581000000000       1.747100000000000E-002
  0.861791000000000       1.804800000000000E-002
  0.856937000000000       1.863100000000000E-002
  0.852017000000000       1.921700000000000E-002
  0.847034000000000       1.980600000000000E-002
  0.841985000000000       2.040300000000000E-002
  0.836870000000000       2.100400000000000E-002
  0.831689000000000       2.160600000000000E-002
  0.826442000000000       2.220800000000000E-002
  0.821128000000000       2.281800000000000E-002
  0.815749000000000       2.343700000000000E-002
  0.810302000000000       2.405700000000000E-002
  0.804787000000000       2.467600000000000E-002
  0.799205000000000       2.529800000000000E-002
  0.793556000000000       2.592700000000000E-002
  0.787839000000000       2.655900000000000E-002
  0.782053000000000       2.719100000000000E-002
  0.776200000000000       2.782800000000000E-002
  0.770279000000000       2.847100000000000E-002
  0.764289000000000       2.911400000000000E-002
  0.758230000000000       2.975800000000000E-002
  0.752104000000000       3.040900000000000E-002
  0.745908000000000       3.106100000000000E-002
  0.739643000000000       3.170800000000000E-002
  0.733309000000000       3.235900000000000E-002
  0.726908000000000       3.302000000000000E-002
  0.720437000000000       3.367800000000000E-002
  0.713898000000000       3.433200000000000E-002
  0.707290000000000       3.498900000000000E-002
  0.700613000000000       3.565000000000000E-002
  0.693869000000000       3.631000000000000E-002
  0.687055000000000       3.696700000000000E-002
  0.680168000000000       3.762400000000000E-002
  0.673202000000000       3.828700000000000E-002
  0.666156000000000       3.895000000000000E-002
  0.659031000000000       3.961100000000000E-002
  0.651826000000000       4.027300000000000E-002
  0.644542000000000       4.093200000000000E-002
  0.637178000000000       4.158900000000000E-002
  0.629735000000000       4.225000000000000E-002
  0.622213000000000       4.291100000000000E-002
  0.614610000000000       4.356100000000000E-002
  0.606928000000000       4.420800000000000E-002
  0.599168000000000       4.485700000000000E-002
  0.591329000000000       4.550600000000000E-002
  0.583411000000000       4.614500000000000E-002
  0.575414000000000       4.677600000000000E-002
  0.567339000000000       4.740900000000000E-002
  0.559187000000000       4.804200000000000E-002
  0.550956000000000       4.865600000000000E-002
  0.542649000000000       4.926500000000000E-002
  0.534266000000000       4.987400000000000E-002
  0.525806000000000       5.046900000000000E-002
  0.517270000000000       5.105100000000000E-002
  0.508660000000000       5.162500000000000E-002
  0.499976000000000       5.218900000000000E-002
  0.491219000000000       5.273900000000000E-002
  0.482389000000000       5.328200000000000E-002
  0.473488000000000       5.381100000000000E-002
  0.464515000000000       5.432600000000000E-002
  0.455472000000000       5.482100000000000E-002
  0.446360000000000       5.529400000000000E-002
  0.437182000000000       5.575900000000000E-002
  0.427936000000000       5.619900000000000E-002
  0.418625000000000       5.662000000000000E-002
  0.409249000000000       5.702000000000000E-002
  0.399812000000000       5.739200000000000E-002
  0.390313000000000       5.773900000000000E-002
  0.380755000000000       5.806700000000000E-002
  0.371140000000000       5.835800000000000E-002
  0.361468000000000       5.862000000000000E-002
  0.351742000000000       5.885500000000000E-002
  0.341964000000000       5.905400000000000E-002
  0.332211000000000       5.921800000000000E-002
  0.322541000000000       5.934700000000000E-002
  0.312950000000000       5.943000000000000E-002
  0.304732000000000       5.947000000000000E-002
  0.296572000000000       5.948800000000000E-002
  0.288463000000000       5.947200000000000E-002
  0.280402000000000       5.942300000000000E-002
  0.272385000000000       5.934100000000000E-002
  0.264407000000000       5.922700000000000E-002
  0.256466000000000       5.908000000000000E-002
  0.248564000000000       5.890200000000000E-002
  0.240701000000000       5.869000000000000E-002
  0.232881000000000       5.844300000000000E-002
  0.225110000000000       5.815900000000000E-002
  0.217394000000000       5.783800000000000E-002
  0.209739000000000       5.748000000000000E-002
  0.202153000000000       5.708600000000000E-002
  0.194643000000000       5.665400000000000E-002
  0.187219000000000       5.618600000000000E-002
  0.179889000000000       5.567900000000000E-002
  0.172659000000000       5.513400000000000E-002
  0.165543000000000       5.455200000000000E-002
  0.158536000000000       5.393300000000000E-002
  0.151643000000000       5.327800000000000E-002
  0.144866000000000       5.258700000000000E-002
  0.138210000000000       5.185800000000000E-002
  0.131679000000000       5.109100000000000E-002
  0.125301000000000       5.029000000000000E-002
  0.119093000000000       4.946000000000000E-002
  0.113015000000000       4.859700000000000E-002
  0.107094000000000       4.770600000000000E-002
  0.101376000000000       4.679200000000000E-002
  9.577300000000000E-002  4.584200000000000E-002
  9.031500000000001E-002  4.486000000000000E-002
  8.502700000000001E-002  4.385200000000000E-002
  7.988600000000000E-002  4.281600000000000E-002
  7.490900000000000E-002  4.175500000000000E-002
  7.009600000000001E-002  4.067100000000000E-002
  6.544800000000001E-002  3.956300000000000E-002
  6.095400000000000E-002  3.843000000000000E-002
  5.662500000000000E-002  3.727500000000000E-002
  5.246500000000000E-002  3.610000000000000E-002
  4.847200000000000E-002  3.490500000000000E-002
  4.463100000000000E-002  3.368800000000000E-002
  4.095500000000000E-002  3.245500000000000E-002
  3.743800000000000E-002  3.120400000000000E-002
  3.408000000000000E-002  2.993200000000000E-002
  3.088200000000000E-002  2.864000000000000E-002
  2.784700000000000E-002  2.733200000000000E-002
  2.497400000000000E-002  2.601000000000000E-002
  2.226200000000000E-002  2.467600000000000E-002
  1.971500000000000E-002  2.333100000000000E-002
  1.733700000000000E-002  2.198000000000000E-002
  1.511400000000000E-002  2.061700000000000E-002
  1.306700000000000E-002  1.925500000000000E-002
  1.119000000000000E-002  1.789100000000000E-002
  9.482000000000001E-003  1.653300000000000E-002
  7.934999999999999E-003  1.518400000000000E-002
  6.587000000000000E-003  1.388500000000000E-002
  5.390000000000000E-003  1.260500000000000E-002
  4.348000000000000E-003  1.135700000000000E-002
  3.445000000000000E-003  1.013800000000000E-002
  2.682000000000000E-003  8.969000000000000E-003
  2.062000000000000E-003  7.887000000000000E-003
  1.547000000000000E-003  6.852000000000000E-003
  1.130000000000000E-003  5.876000000000000E-003
  7.970000000000000E-004  4.948000000000000E-003
  5.400000000000000E-004  4.082000000000000E-003
  3.500000000000000E-004  3.291000000000000E-003
  2.110000000000000E-004  2.558000000000000E-003
  1.140000000000000E-004  1.873000000000000E-003
  4.900000000000000E-005  1.235000000000000E-003
  1.300000000000000E-005  6.430000000000000E-004
  0.000000000000000E+000  1.010000000000000E-004
  6.000000000000000E-006 -4.200000000000000E-004
  3.000000000000000E-005 -9.690000000000000E-004
  7.900000000000000E-005 -1.561000000000000E-003
  1.570000000000000E-004 -2.204000000000000E-003
  2.720000000000000E-004 -2.903000000000000E-003
  4.340000000000000E-004 -3.665000000000000E-003
  6.530000000000000E-004 -4.486000000000000E-003
  9.410000000000000E-004 -5.371000000000000E-003
  1.299000000000000E-003 -6.290000000000000E-003
  1.745000000000000E-003 -7.267000000000000E-003
  2.293000000000000E-003 -8.307999999999999E-003
  2.955000000000000E-003 -9.405999999999999E-003
  3.726000000000000E-003 -1.053400000000000E-002
  4.604000000000000E-003 -1.167700000000000E-002
  5.621000000000000E-003 -1.286300000000000E-002
  6.779000000000000E-003 -1.407800000000000E-002
  8.092000000000000E-003 -1.532700000000000E-002
  9.552000000000000E-003 -1.659200000000000E-002
  1.113700000000000E-002 -1.785100000000000E-002
  1.287600000000000E-002 -1.912100000000000E-002
  1.478000000000000E-002 -2.040200000000000E-002
  1.684700000000000E-002 -2.168800000000000E-002
  1.907800000000000E-002 -2.297900000000000E-002
  2.147700000000000E-002 -2.427100000000000E-002
  2.404600000000000E-002 -2.556300000000000E-002
  2.678500000000000E-002 -2.685300000000000E-002
  2.969700000000000E-002 -2.814000000000000E-002
  3.278000000000000E-002 -2.941700000000000E-002
  3.603900000000000E-002 -3.068400000000000E-002
  3.947300000000000E-002 -3.193700000000000E-002
  4.308400000000000E-002 -3.317800000000000E-002
  4.686000000000000E-002 -3.440300000000000E-002
  5.080000000000000E-002 -3.561000000000000E-002
  5.490600000000000E-002 -3.679700000000000E-002
  5.917800000000000E-002 -3.796400000000000E-002
  6.361400000000000E-002 -3.910800000000000E-002
  6.821400000000000E-002 -4.023000000000000E-002
  7.297700000000000E-002 -4.132700000000000E-002
  7.790100000000000E-002 -4.240000000000000E-002
  8.298700000000001E-002 -4.344800000000000E-002
  8.823200000000000E-002 -4.447000000000000E-002
  9.363600000000000E-002 -4.546400000000000E-002
  9.919799999999999E-002 -4.642900000000000E-002
  0.104916000000000      -4.736400000000000E-002
  0.110790000000000      -4.826900000000000E-002
  0.116817000000000      -4.914300000000000E-002
  0.122996000000000      -4.998700000000000E-002
  0.129327000000000      -5.080100000000000E-002
  0.135807000000000      -5.158200000000000E-002
  0.142435000000000      -5.232700000000000E-002
  0.149209000000000      -5.303600000000000E-002
  0.156129000000000      -5.371000000000000E-002
  0.163191000000000      -5.435000000000000E-002
  0.170395000000000      -5.495400000000000E-002
  0.177739000000000      -5.552200000000000E-002
  0.185221000000000      -5.605200000000000E-002
  0.192839000000000      -5.654400000000000E-002
  0.200593000000000      -5.699900000000000E-002
  0.208479000000000      -5.741800000000000E-002
  0.216497000000000      -5.779800000000000E-002
  0.224645000000000      -5.814000000000000E-002
  0.232922000000000      -5.844400000000000E-002
  0.241325000000000      -5.870800000000000E-002
  0.249854000000000      -5.893300000000000E-002
  0.258507000000000      -5.912100000000000E-002
  0.267282000000000      -5.927200000000000E-002
  0.276178000000000      -5.938400000000000E-002
  0.285195000000000      -5.945700000000000E-002
  0.294330000000000      -5.948700000000000E-002
  0.303582000000000      -5.947500000000000E-002
  0.312950000000000      -5.943000000000000E-002
  0.322541000000000      -5.934700000000000E-002
  0.332211000000000      -5.921800000000000E-002
  0.341964000000000      -5.905400000000000E-002
  0.351742000000000      -5.885500000000000E-002
  0.361468000000000      -5.862000000000000E-002
  0.371140000000000      -5.835800000000000E-002
  0.380756000000000      -5.806700000000000E-002
  0.390313000000000      -5.773900000000000E-002
  0.399812000000000      -5.739200000000000E-002
  0.409250000000000      -5.702000000000000E-002
  0.418625000000000      -5.662000000000000E-002
  0.427936000000000      -5.619900000000000E-002
  0.437182000000000      -5.575900000000000E-002
  0.446361000000000      -5.529400000000000E-002
  0.455472000000000      -5.482100000000000E-002
  0.464515000000000      -5.432600000000000E-002
  0.473488000000000      -5.381100000000000E-002
  0.482390000000000      -5.328200000000000E-002
  0.491219000000000      -5.273900000000000E-002
  0.499976000000000      -5.218900000000000E-002
  0.508660000000000      -5.162500000000000E-002
  0.517270000000000      -5.105100000000000E-002
  0.525806000000000      -5.046900000000000E-002
  0.534266000000000      -4.987400000000000E-002
  0.542649000000000      -4.926500000000000E-002
  0.550956000000000      -4.865600000000000E-002
  0.559187000000000      -4.804200000000000E-002
  0.567339000000000      -4.740900000000000E-002
  0.575414000000000      -4.677600000000000E-002
  0.583411000000000      -4.614500000000000E-002
  0.591329000000000      -4.550600000000000E-002
  0.599168000000000      -4.485700000000000E-002
  0.606928000000000      -4.420800000000000E-002
  0.614610000000000      -4.356100000000000E-002
  0.622213000000000      -4.291100000000000E-002
  0.629735000000000      -4.225000000000000E-002
  0.637178000000000      -4.158900000000000E-002
  0.644542000000000      -4.093200000000000E-002
  0.651826000000000      -4.027300000000000E-002
  0.659031000000000      -3.961100000000000E-002
  0.666156000000000      -3.895000000000000E-002
  0.673202000000000      -3.828700000000000E-002
  0.680168000000000      -3.762400000000000E-002
  0.687055000000000      -3.696700000000000E-002
  0.693869000000000      -3.631000000000000E-002
  0.700614000000000      -3.565000000000000E-002
  0.707290000000000      -3.498900000000000E-002
  0.713898000000000      -3.433200000000000E-002
  0.720437000000000      -3.367800000000000E-002
  0.726908000000000      -3.302000000000000E-002
  0.733309000000000      -3.235900000000000E-002
  0.739643000000000      -3.170800000000000E-002
  0.745908000000000      -3.106100000000000E-002
  0.752104000000000      -3.040900000000000E-002
  0.758231000000000      -2.975800000000000E-002
  0.764289000000000      -2.911400000000000E-002
  0.770279000000000      -2.847100000000000E-002
  0.776200000000000      -2.782800000000000E-002
  0.782053000000000      -2.719100000000000E-002
  0.787839000000000      -2.655900000000000E-002
  0.793556000000000      -2.592700000000000E-002
  0.799205000000000      -2.529800000000000E-002
  0.804787000000000      -2.467600000000000E-002
  0.810302000000000      -2.405700000000000E-002
  0.815749000000000      -2.343700000000000E-002
  0.821128000000000      -2.281800000000000E-002
  0.826442000000000      -2.220800000000000E-002
  0.831689000000000      -2.160600000000000E-002
  0.836870000000000      -2.100400000000000E-002
  0.841985000000000      -2.040300000000000E-002
  0.847034000000000      -1.980600000000000E-002
  0.852018000000000      -1.921700000000000E-002
  0.856937000000000      -1.863100000000000E-002
  0.861791000000000      -1.804800000000000E-002
  0.866581000000000      -1.747100000000000E-002
  0.871307000000000      -1.690000000000000E-002
  0.875971000000000      -1.633500000000000E-002
  0.880571000000000      -1.577100000000000E-002
  0.885107000000000      -1.520900000000000E-002
  0.889582000000000      -1.465100000000000E-002
  0.893994000000000      -1.410100000000000E-002
  0.898345000000000      -1.355800000000000E-002
  0.902636000000000      -1.301800000000000E-002
  0.906865000000000      -1.248200000000000E-002
  0.911034000000000      -1.195200000000000E-002
  0.915144000000000      -1.143000000000000E-002
  0.919196000000000      -1.091300000000000E-002
  0.923188000000000      -1.040000000000000E-002
  0.927122000000000      -9.889000000000000E-003
  0.930998000000000      -9.381000000000000E-003
  0.934817000000000      -8.881000000000000E-003
  0.938579000000000      -8.387000000000000E-003
  0.942285000000000      -7.901000000000000E-003
  0.945936000000000      -7.419000000000000E-003
  0.949532000000000      -6.942000000000000E-003
  0.953073000000000      -6.469000000000000E-003
  0.956560000000000      -6.001000000000000E-003
  0.959993000000000      -5.539000000000000E-003
  0.963373000000000      -5.082000000000000E-003
  0.966701000000000      -4.631000000000000E-003
  0.969978000000000      -4.187000000000000E-003
  0.973203000000000      -3.747000000000000E-003
  0.976377000000000      -3.310000000000000E-003
  0.979500000000000      -2.874000000000000E-003
  0.982573000000000      -2.444000000000000E-003
  0.985597000000000      -2.027000000000000E-003
  0.988572000000000      -1.607000000000000E-003
  0.991501000000000      -1.204000000000000E-003
  0.994380000000000      -7.950000000000000E-004
  0.997214000000000      -4.000000000000000E-004
   2.43675736905003      -0.415639145371783     
   2.30755308286762      -0.813289049887866     
   2.09849615633231       -1.17538626832121     
   1.81872338030013       -1.48610541469105     
   1.48046216758242       -1.73186657130514     
   1.09849615633231       -1.90192879632657     
  0.689519094117724       -1.98885955447281     
  0.271405241047110       -1.98885955447281     
 -0.137571821167477       -1.90192879632657     
 -0.519537832417583       -1.73186657130514     
 -0.857799045135299       -1.48610541469105     
  -1.13757182116748       -1.17538626832121     
  -1.34662874770278      -0.813289049887863     
  -1.47583303388519      -0.415639145371782     
  -1.51953783241758       1.842362637365091E-004
  -1.47583303388519       0.416007617899256     
  -1.34662874770278       0.813657522415337     
  -1.13757182116748        1.17575474084868     
 -0.857799045135298        1.48647388721853     
 -0.519537832417582        1.73223504383261     
 -0.137571821167477        1.90229726885404     
  0.271405241047111        1.98922802700028     
  0.689519094117725        1.98922802700028     
   1.09849615633231        1.90229726885404     
   1.48046216758242        1.73223504383261     
   1.81872338030013        1.48647388721852     
   2.09849615633231        1.17575474084868     
   2.30755308286762       0.813657522415337     
   2.43675736905003       0.416007617899255     
   2.48046216758242       1.842362637362642E-004
  0.480462167582420        4.00018423626373     
  -7.51953783241758       -3.99981576373627     
   8.48046216758242       -3.99981576373627     
