         394 Number of Points
         394 Number of Cells
           2 Number of Boundary Curves
         364 Number of Edges Belong to Each Curves
          30 Number of Edges Belong to Each Curves
           1           2
           2           3
           3           4
           4           5
           5           6
           6           7
           7           8
           8           9
           9          10
          10          11
          11          12
          12          13
          13          14
          14          15
          15          16
          16          17
          17          18
          18          19
          19          20
          20          21
          21          22
          22          23
          23          24
          24          25
          25          26
          26          27
          27          28
          28          29
          29          30
          30          31
          31          32
          32          33
          33          34
          34          35
          35          36
          36          37
          37          38
          38          39
          39          40
          40          41
          41          42
          42          43
          43          44
          44          45
          45          46
          46          47
          47          48
          48          49
          49          50
          50          51
          51          52
          52          53
          53          54
          54          55
          55          56
          56          57
          57          58
          58          59
          59          60
          60          61
          61          62
          62          63
          63          64
          64          65
          65          66
          66          67
          67          68
          68          69
          69          70
          70          71
          71          72
          72          73
          73          74
          74          75
          75          76
          76          77
          77          78
          78          79
          79          80
          80          81
          81          82
          82          83
          83          84
          84          85
          85          86
          86          87
          87          88
          88          89
          89          90
          90          91
          91          92
          92          93
          93          94
          94          95
          95          96
          96          97
          97          98
          98          99
          99         100
         100         101
         101         102
         102         103
         103         104
         104         105
         105         106
         106         107
         107         108
         108         109
         109         110
         110         111
         111         112
         112         113
         113         114
         114         115
         115         116
         116         117
         117         118
         118         119
         119         120
         120         121
         121         122
         122         123
         123         124
         124         125
         125         126
         126         127
         127         128
         128         129
         129         130
         130         131
         131         132
         132         133
         133         134
         134         135
         135         136
         136         137
         137         138
         138         139
         139         140
         140         141
         141         142
         142         143
         143         144
         144         145
         145         146
         146         147
         147         148
         148         149
         149         150
         150         151
         151         152
         152         153
         153         154
         154         155
         155         156
         156         157
         157         158
         158         159
         159         160
         160         161
         161         162
         162         163
         163         164
         164         165
         165         166
         166         167
         167         168
         168         169
         169         170
         170         171
         171         172
         172         173
         173         174
         174         175
         175         176
         176         177
         177         178
         178         179
         179         180
         180         181
         181         182
         182         183
         183         184
         184         185
         185         186
         186         187
         187         188
         188         189
         189         190
         190         191
         191         192
         192         193
         193         194
         194         195
         195         196
         196         197
         197         198
         198         199
         199         200
         200         201
         201         202
         202         203
         203         204
         204         205
         205         206
         206         207
         207         208
         208         209
         209         210
         210         211
         211         212
         212         213
         213         214
         214         215
         215         216
         216         217
         217         218
         218         219
         219         220
         220         221
         221         222
         222         223
         223         224
         224         225
         225         226
         226         227
         227         228
         228         229
         229         230
         230         231
         231         232
         232         233
         233         234
         234         235
         235         236
         236         237
         237         238
         238         239
         239         240
         240         241
         241         242
         242         243
         243         244
         244         245
         245         246
         246         247
         247         248
         248         249
         249         250
         250         251
         251         252
         252         253
         253         254
         254         255
         255         256
         256         257
         257         258
         258         259
         259         260
         260         261
         261         262
         262         263
         263         264
         264         265
         265         266
         266         267
         267         268
         268         269
         269         270
         270         271
         271         272
         272         273
         273         274
         274         275
         275         276
         276         277
         277         278
         278         279
         279         280
         280         281
         281         282
         282         283
         283         284
         284         285
         285         286
         286         287
         287         288
         288         289
         289         290
         290         291
         291         292
         292         293
         293         294
         294         295
         295         296
         296         297
         297         298
         298         299
         299         300
         300         301
         301         302
         302         303
         303         304
         304         305
         305         306
         306         307
         307         308
         308         309
         309         310
         310         311
         311         312
         312         313
         313         314
         314         315
         315         316
         316         317
         317         318
         318         319
         319         320
         320         321
         321         322
         322         323
         323         324
         324         325
         325         326
         326         327
         327         328
         328         329
         329         330
         330         331
         331         332
         332         333
         333         334
         334         335
         335         336
         336         337
         337         338
         338         339
         339         340
         340         341
         341         342
         342         343
         343         344
         344         345
         345         346
         346         347
         347         348
         348         349
         349         350
         350         351
         351         352
         352         353
         353         354
         354         355
         355         356
         356         357
         357         358
         358         359
         359         360
         360         361
         361         362
         362         363
         363         364
         364           1
         365         366
         366         367
         367         368
         368         369
         369         370
         370         371
         371         372
         372         373
         373         374
         374         375
         375         376
         376         377
         377         378
         378         379
         379         380
         380         381
         381         382
         382         383
         383         384
         384         385
         385         386
         386         387
         387         388
         388         389
         389         390
         390         391
         391         392
         392         393
         393         394
         394         365
     377    376    199      0         1
     203    374      0      0         1
     389    388     49      0         2
      52     51      0      0         2
     385    384    134      0         3
     137    136      0      0         3
     389      2      1      0         4
       0    391      5      0         4
     389      3      2      0         5
       0      4      6      0         5
     389      4      3      0         6
       0      5      7      0         6
     389      5      4      0         7
       0      6      8      0         7
     389      6      5      0         8
       0      7      9      0         8
     389      7      6      0         9
       0      8     10      0         9
     389      8      7      0        10
       0      9     11      0        10
     389      9      8      0        11
       0     10     12      0        11
     389     10      9      0        12
       0     11     13      0        12
     389     11     10      0        13
       0     12     14      0        13
     389     12     11      0        14
       0     13     15      0        14
     389     13     12      0        15
       0     14     16      0        15
     389     14     13      0        16
       0     15     17      0        16
     389     15     14      0        17
       0     16     18      0        17
     389     16     15      0        18
       0     17     19      0        18
     389     17     16      0        19
       0     18     20      0        19
     389     18     17      0        20
       0     19     21      0        20
     389     19     18      0        21
       0     20     22      0        21
     389     20     19      0        22
       0     21     23      0        22
     389     21     20      0        23
       0     22     24      0        23
     389     22     21      0        24
       0     23     25      0        24
     389     23     22      0        25
       0     24     26      0        25
     389     24     23      0        26
       0     25     27      0        26
     389     25     24      0        27
       0     26     28      0        27
     389     26     25      0        28
       0     27     29      0        28
     389     27     26      0        29
       0     28     30      0        29
     389     28     27      0        30
       0     29     31      0        30
     389     29     28      0        31
       0     30     32      0        31
     389     30     29      0        32
       0     31     33      0        32
     389     31     30      0        33
       0     32     34      0        33
     389     32     31      0        34
       0     33     35      0        34
     389     33     32      0        35
       0     34     36      0        35
     389     34     33      0        36
       0     35     37      0        36
     389     35     34      0        37
       0     36     38      0        37
     389     36     35      0        38
       0     37    386      0        38
     384    383    150      0        39
     153    152      0      0        39
     389     38     37      0        40
       0    386     41      0        40
     389     39     38      0        41
       0     40     42      0        41
     389     40     39      0        42
       0     41     43      0        42
     389     41     40      0        43
       0     42     44      0        43
     389     42     41      0        44
       0     43     45      0        44
     389     43     42      0        45
       0     44     46      0        45
     389     44     43      0        46
       0     45     47      0        46
     389     45     44      0        47
       0     46     48      0        47
     389     46     45      0        48
       0     47     49      0        48
     389     47     46      0        49
       0     48     50      0        49
     389     48     47      0        50
       0     49     51      0        50
     389     49     48      0        51
       0     50      2      0        51
     388     50     49      0        52
       0      2     53      0        52
     388     51     50      0        53
       0     52     54      0        53
     388     52     51      0        54
       0     53     55      0        54
     388     53     52      0        55
       0     54     56      0        55
     388     54     53      0        56
       0     55     57      0        56
     388     55     54      0        57
       0     56     58      0        57
     388     56     55      0        58
       0     57     59      0        58
     388     57     56      0        59
       0     58     60      0        59
     388     58     57      0        60
       0     59     61      0        60
     388     59     58      0        61
       0     60     62      0        61
     388     60     59      0        62
       0     61     63      0        62
     388     61     60      0        63
       0     62     64      0        63
     388     62     61      0        64
       0     63     65      0        64
     388     63     62      0        65
       0     64     66      0        65
     388     64     63      0        66
       0     65     67      0        66
     388     65     64      0        67
       0     66     68      0        67
     388     66     65      0        68
       0     67     69      0        68
     388     67     66      0        69
       0     68     70      0        69
     388     68     67      0        70
       0     69     71      0        70
     388     69     68      0        71
       0     70     72      0        71
     388     70     69      0        72
       0     71     73      0        72
     388     71     70      0        73
       0     72     74      0        73
     388     72     71      0        74
       0     73     75      0        74
     388     73     72      0        75
       0     74     76      0        75
     388     74     73      0        76
       0     75     77      0        76
     388     75     74      0        77
       0     76     78      0        77
     388     76     75      0        78
       0     77     79      0        78
     388     77     76      0        79
       0     78     80      0        79
     388     78     77      0        80
       0     79    390      0        80
     387     79     78      0        81
       0    390     82      0        81
     387     80     79      0        82
       0     81     83      0        82
     387     81     80      0        83
       0     82     84      0        83
     387     82     81      0        84
       0     83     85      0        84
     387     83     82      0        85
       0     84     86      0        85
     387     84     83      0        86
       0     85     87      0        86
     387     85     84      0        87
       0     86     88      0        87
     387     86     85      0        88
       0     87     89      0        88
     387     87     86      0        89
       0     88     90      0        89
     387     88     87      0        90
       0     89     91      0        90
     387     89     88      0        91
       0     90    385      0        91
     383    382    161      0        92
     165    162      0      0        92
     387     91     90      0        93
       0    385     94      0        93
     387     92     91      0        94
       0     93     95      0        94
     387     93     92      0        95
       0     94     96      0        95
     387     94     93      0        96
       0     95     97      0        96
     387     95     94      0        97
       0     96     98      0        97
     387     96     95      0        98
       0     97     99      0        98
     387     97     96      0        99
       0     98    100      0        99
     387     98     97      0       100
       0     99    101      0       100
     387     99     98      0       101
       0    100    389      0       101
     386    100     99      0       102
       0    389    103      0       102
     386    101    100      0       103
       0    102    104      0       103
     386    102    101      0       104
       0    103    105      0       104
     386    103    102      0       105
       0    104    106      0       105
     386    104    103      0       106
       0    105    107      0       106
     386    105    104      0       107
       0    106    108      0       107
     386    106    105      0       108
       0    107    109      0       108
     386    107    106      0       109
       0    108    110      0       109
     386    108    107      0       110
       0    109    111      0       110
     386    109    108      0       111
       0    110    112      0       111
     386    110    109      0       112
       0    111    113      0       112
     386    111    110      0       113
       0    112    114      0       113
     386    112    111      0       114
       0    113    115      0       114
     386    113    112      0       115
       0    114    116      0       115
     386    114    113      0       116
       0    115    117      0       116
     386    115    114      0       117
       0    116    118      0       117
     386    116    115      0       118
       0    117    119      0       118
     386    117    116      0       119
       0    118    368      0       119
     385    118    117      0       120
       0    368    384      0       120
     382    381    168      0       121
     172    171      0      0       121
     385    120    119      0       122
       0    384    123      0       122
     385    121    120      0       123
       0    122    124      0       123
     385    122    121      0       124
       0    123    125      0       124
     385    123    122      0       125
       0    124    126      0       125
     385    124    123      0       126
       0    125    127      0       126
     385    125    124      0       127
       0    126    128      0       127
     385    126    125      0       128
       0    127    129      0       128
     385    127    126      0       129
       0    128    130      0       129
     385    128    127      0       130
       0    129    131      0       130
     385    129    128      0       131
       0    130    132      0       131
     385    130    129      0       132
       0    131    133      0       132
     385    131    130      0       133
       0    132    134      0       133
     385    132    131      0       134
       0    133    135      0       134
     385    133    132      0       135
       0    134    136      0       135
     385    134    133      0       136
       0    135      3      0       136
     384    135    134      0       137
       0      3    138      0       137
     384    136    135      0       138
       0    137    139      0       138
     384    137    136      0       139
       0    138    140      0       139
     384    138    137      0       140
       0    139    141      0       140
     384    139    138      0       141
       0    140    142      0       141
     384    140    139      0       142
       0    141    143      0       142
     384    141    140      0       143
       0    142    144      0       143
     384    142    141      0       144
       0    143    145      0       144
     384    143    142      0       145
       0    144    146      0       145
     384    144    143      0       146
       0    145    147      0       146
     384    145    144      0       147
       0    146    148      0       147
     384    146    145      0       148
       0    147    149      0       148
     384    147    146      0       149
       0    148    150      0       149
     384    148    147      0       150
       0    149    151      0       150
     384    149    148      0       151
       0    150    152      0       151
     384    150    149      0       152
       0    151     39      0       152
     383    151    150      0       153
       0     39    154      0       153
     383    152    151      0       154
       0    153    155      0       154
     383    153    152      0       155
       0    154    156      0       155
     383    154    153      0       156
       0    155    157      0       156
     383    155    154      0       157
       0    156    158      0       157
     383    156    155      0       158
       0    157    159      0       158
     383    157    156      0       159
       0    158    160      0       159
     383    158    157      0       160
       0    159    161      0       160
     383    159    158      0       161
       0    160    163      0       161
     383    161    160      0       162
       0    163     92      0       162
     383    160    159      0       163
       0    161    162      0       163
     375    374    218      0       164
     223    222      0      0       164
     382    162    161      0       165
       0     92    166      0       165
     382    163    162      0       166
       0    165    167      0       166
     382    164    163      0       167
       0    166    168      0       167
     382    165    164      0       168
       0    167    169      0       168
     382    166    165      0       169
       0    168    170      0       169
     382    167    166      0       170
       0    169    171      0       170
     382    168    167      0       171
       0    170    121      0       171
     381    169    168      0       172
       0    121    173      0       172
     381    170    169      0       173
       0    172    174      0       173
     381    171    170      0       174
       0    173    175      0       174
     381    172    171      0       175
       0    174    176      0       175
     381    173    172      0       176
       0    175    383      0       176
     380    174    173      0       177
       0    383    379      0       177
     376    375    207      0       178
     212    210      0      0       178
     380    176    175      0       179
       0    379    180      0       179
     380    177    176      0       180
       0    179    181      0       180
     380    178    177      0       181
       0    180    182      0       181
     380    179    178      0       182
       0    181    382      0       182
     366    365      1      0       183
     387    370      0      0       183
     379    181    180      0       184
       0    378    185      0       184
     379    182    181      0       185
       0    184    186      0       185
     379    183    182      0       186
       0    185    187      0       186
     379    184    183      0       187
       0    186    188      0       187
     379    185    184      0       188
       0    187    189      0       188
     379    186    185      0       189
       0    188    377      0       189
     374    373    233      0       190
     238    237      0      0       190
     379    188    187      0       191
       0    377    381      0       191
     378    189    188      0       192
       0    381    193      0       192
     378    190    189      0       193
       0    192    376      0       193
     373    372    250      0       194
     255    254      0      0       194
     378    192    191      0       195
       0    376    196      0       195
     378    193    192      0       196
       0    195    197      0       196
     378    194    193      0       197
       0    196    380      0       197
     372    371    267      0       198
     272    271      0      0       198
     377    196    195      0       199
       0    375    200      0       199
     377    197    196      0       200
       0    199    201      0       200
     377    198    197      0       201
       0    200    374      0       201
     371    370    288      0       202
     293    292      0      0       202
     376    200    199      0       203
       0      1    204      0       203
     376    201    200      0       204
       0    203    205      0       204
     376    202    201      0       205
       0    204    206      0       205
     376    203    202      0       206
       0    205    207      0       206
     376    204    203      0       207
       0    206    208      0       207
     376    205    204      0       208
       0    207    209      0       208
     376    206    205      0       209
       0    208    210      0       209
     376    207    206      0       210
       0    209    178      0       210
     375    209    208      0       211
       0    212    214      0       211
     375    208    207      0       212
       0    178    211      0       212
     362    361    360      0       213
       0    366      0      0       213
     375    210    209      0       214
       0    211    215      0       214
     375    211    210      0       215
       0    214    216      0       215
     375    212    211      0       216
       0    215    217      0       216
     375    213    212      0       217
       0    216    218      0       217
     375    214    213      0       218
       0    217    219      0       218
     375    215    214      0       219
       0    218    220      0       219
     375    216    215      0       220
       0    219    221      0       220
     375    217    216      0       221
       0    220    222      0       221
     375    218    217      0       222
       0    221    164      0       222
     374    219    218      0       223
       0    164    224      0       223
     374    220    219      0       224
       0    223    225      0       224
     374    221    220      0       225
       0    224    226      0       225
     374    222    221      0       226
       0    225    227      0       226
     374    223    222      0       227
       0    226    228      0       227
     374    224    223      0       228
       0    227    229      0       228
     374    225    224      0       229
       0    228    230      0       229
     374    226    225      0       230
       0    229    231      0       230
     374    227    226      0       231
       0    230    232      0       231
     374    228    227      0       232
       0    231    233      0       232
     374    229    228      0       233
       0    232    234      0       233
     374    230    229      0       234
       0    233    235      0       234
     374    231    230      0       235
       0    234    236      0       235
     374    232    231      0       236
       0    235    237      0       236
     374    233    232      0       237
       0    236    190      0       237
     373    234    233      0       238
       0    190    239      0       238
     373    235    234      0       239
       0    238    240      0       239
     373    236    235      0       240
       0    239    241      0       240
     373    237    236      0       241
       0    240    242      0       241
     373    238    237      0       242
       0    241    243      0       242
     373    239    238      0       243
       0    242    244      0       243
     373    240    239      0       244
       0    243    245      0       244
     373    241    240      0       245
       0    244    246      0       245
     373    242    241      0       246
       0    245    247      0       246
     373    243    242      0       247
       0    246    248      0       247
     373    244    243      0       248
       0    247    249      0       248
     373    245    244      0       249
       0    248    250      0       249
     373    246    245      0       250
       0    249    251      0       250
     373    247    246      0       251
       0    250    252      0       251
     373    248    247      0       252
       0    251    253      0       252
     373    249    248      0       253
       0    252    254      0       253
     373    250    249      0       254
       0    253    194      0       254
     372    251    250      0       255
       0    194    256      0       255
     372    252    251      0       256
       0    255    257      0       256
     372    253    252      0       257
       0    256    258      0       257
     372    254    253      0       258
       0    257    259      0       258
     372    255    254      0       259
       0    258    260      0       259
     372    256    255      0       260
       0    259    261      0       260
     372    257    256      0       261
       0    260    262      0       261
     372    258    257      0       262
       0    261    263      0       262
     372    259    258      0       263
       0    262    264      0       263
     372    260    259      0       264
       0    263    265      0       264
     372    261    260      0       265
       0    264    266      0       265
     372    262    261      0       266
       0    265    267      0       266
     372    263    262      0       267
       0    266    268      0       267
     372    264    263      0       268
       0    267    269      0       268
     372    265    264      0       269
       0    268    270      0       269
     372    266    265      0       270
       0    269    271      0       270
     372    267    266      0       271
       0    270    198      0       271
     371    268    267      0       272
       0    198    273      0       272
     371    269    268      0       273
       0    272    274      0       273
     371    270    269      0       274
       0    273    275      0       274
     371    271    270      0       275
       0    274    276      0       275
     371    272    271      0       276
       0    275    277      0       276
     371    273    272      0       277
       0    276    278      0       277
     371    274    273      0       278
       0    277    279      0       278
     371    275    274      0       279
       0    278    280      0       279
     371    276    275      0       280
       0    279    281      0       280
     371    277    276      0       281
       0    280    282      0       281
     371    278    277      0       282
       0    281    283      0       282
     371    279    278      0       283
       0    282    284      0       283
     371    280    279      0       284
       0    283    285      0       284
     371    281    280      0       285
       0    284    286      0       285
     371    282    281      0       286
       0    285    287      0       286
     371    283    282      0       287
       0    286    288      0       287
     371    284    283      0       288
       0    287    289      0       288
     371    285    284      0       289
       0    288    290      0       289
     371    286    285      0       290
       0    289    291      0       290
     371    287    286      0       291
       0    290    292      0       291
     371    288    287      0       292
       0    291    202      0       292
     370    289    288      0       293
       0    202    294      0       293
     370    290    289      0       294
       0    293    295      0       294
     370    291    290      0       295
       0    294    296      0       295
     370    292    291      0       296
       0    295    297      0       296
     370    293    292      0       297
       0    296    298      0       297
     370    294    293      0       298
       0    297    299      0       298
     370    295    294      0       299
       0    298    300      0       299
     370    296    295      0       300
       0    299    301      0       300
     370    297    296      0       301
       0    300    302      0       301
     370    298    297      0       302
       0    301    303      0       302
     370    299    298      0       303
       0    302    304      0       303
     370    300    299      0       304
       0    303    305      0       304
     370    301    300      0       305
       0    304    306      0       305
     370    302    301      0       306
       0    305    307      0       306
     370    303    302      0       307
       0    306    308      0       307
     370    304    303      0       308
       0    307    309      0       308
     370    305    304      0       309
       0    308    310      0       309
     370    306    305      0       310
       0    309    311      0       310
     370    307    306      0       311
       0    310    312      0       311
     370    308    307      0       312
       0    311    313      0       312
     370    309    308      0       313
       0    312    314      0       313
     370    310    309      0       314
       0    313    315      0       314
     370    311    310      0       315
       0    314    316      0       315
     370    312    311      0       316
       0    315    317      0       316
     370    313    312      0       317
       0    316    318      0       317
     370    314    313      0       318
       0    317    319      0       318
     370    315    314      0       319
       0    318    320      0       319
     370    316    315      0       320
       0    319    321      0       320
     370    317    316      0       321
       0    320    373      0       321
     369    318    317      0       322
       0    373    323      0       322
     369    319    318      0       323
       0    322    324      0       323
     369    320    319      0       324
       0    323    325      0       324
     369    321    320      0       325
       0    324    326      0       325
     369    322    321      0       326
       0    325    327      0       326
     369    323    322      0       327
       0    326    328      0       327
     369    324    323      0       328
       0    327    329      0       328
     369    325    324      0       329
       0    328    330      0       329
     369    326    325      0       330
       0    329    331      0       330
     369    327    326      0       331
       0    330    332      0       331
     369    328    327      0       332
       0    331    333      0       332
     369    329    328      0       333
       0    332    334      0       333
     369    330    329      0       334
       0    333    335      0       334
     369    331    330      0       335
       0    334    336      0       335
     369    332    331      0       336
       0    335    337      0       336
     369    333    332      0       337
       0    336    338      0       337
     369    334    333      0       338
       0    337    339      0       338
     369    335    334      0       339
       0    338    340      0       339
     369    336    335      0       340
       0    339    341      0       340
     369    337    336      0       341
       0    340    342      0       341
     369    338    337      0       342
       0    341    343      0       342
     369    339    338      0       343
       0    342    344      0       343
     369    340    339      0       344
       0    343    345      0       344
     369    341    340      0       345
       0    344    346      0       345
     369    342    341      0       346
       0    345    347      0       346
     369    343    342      0       347
       0    346    348      0       347
     369    344    343      0       348
       0    347    349      0       348
     369    345    344      0       349
       0    348    350      0       349
     369    346    345      0       350
       0    349    351      0       350
     369    347    346      0       351
       0    350    352      0       351
     369    348    347      0       352
       0    351    353      0       352
     369    349    348      0       353
       0    352    354      0       353
     369    350    349      0       354
       0    353    355      0       354
     369    351    350      0       355
       0    354    356      0       355
     369    352    351      0       356
       0    355    357      0       356
     369    353    352      0       357
       0    356    358      0       357
     369    354    353      0       358
       0    357    359      0       358
     369    355    354      0       359
       0    358    360      0       359
     369    356    355      0       360
       0    359    361      0       360
     369    357    356      0       361
       0    360    362      0       361
     369    358    357      0       362
       0    361    364      0       362
     369    360    359      0       363
       0    364    366      0       363
     369    359    358      0       364
       0    362    363      0       364
     369    363    362      0       365
       0    366    367      0       365
     369    362    360      0       366
     213    363    365      0       366
     369    364    363      0       367
       0    365    369      0       367
     386    385    117      0       368
     120    119      0      0       368
     369      1    364      0       369
       0    367    372      0       369
     367    366      1      0       370
     183    371      0      0       370
     368    367      1      0       371
     370    372      0      0       371
     369    368      1      0       372
     371    369      0      0       372
     370    369    317      0       373
     322    321      0      0       373
     377    199    198      0       374
       0    201      1      0       374
     377    195    194      0       375
       0    380    199      0       375
     378    191    190      0       376
       0    193    195      0       376
     379    187    186      0       377
       0    189    191      0       377
     379    180    179      0       378
       0    382    184      0       378
     380    175    174      0       379
       0    177    179      0       379
     378    377    194      0       380
     375    197      0      0       380
     379    378    188      0       381
     192    191      0      0       381
     380    379    179      0       382
     378    182      0      0       382
     381    380    173      0       383
     177    176      0      0       383
     385    119    118      0       384
       0    120    122      0       384
     387     90     89      0       385
       0     91     93      0       385
     389     37     36      0       386
       0     38     40      0       386
     394      1    365      0       387
     183      0    394      0       387
     391    390      1      0       388
     391    392      0      0       388
     387    386     99      0       389
     102    101      0      0       389
     388    387     78      0       390
      81     80      0      0       390
     390    389      1      0       391
       4    388      0      0       391
     392    391      1      0       392
     388    393      0      0       392
     393    392      1      0       393
     392    394      0      0       393
     394    393      1      0       394
     393    387      0      0       394
   1.00000000000000       0.000000000000000E+000
  0.997214000000000       4.000000000000000E-004
  0.994380000000000       7.950000000000000E-004
  0.991501000000000       1.204000000000000E-003
  0.988572000000000       1.609000000000000E-003
  0.985597000000000       2.025000000000000E-003
  0.982573000000000       2.445000000000000E-003
  0.979500000000000       2.875000000000000E-003
  0.976377000000000       3.310000000000000E-003
  0.973203000000000       3.746000000000000E-003
  0.969978000000000       4.186000000000000E-003
  0.966701000000000       4.631000000000000E-003
  0.963373000000000       5.082000000000000E-003
  0.959993000000000       5.539000000000000E-003
  0.956560000000000       6.001000000000000E-003
  0.953073000000000       6.469000000000000E-003
  0.949532000000000       6.942000000000000E-003
  0.945936000000000       7.419000000000000E-003
  0.942285000000000       7.901000000000000E-003
  0.938579000000000       8.388000000000000E-003
  0.934817000000000       8.881000000000000E-003
  0.930998000000000       9.381000000000000E-003
  0.927122000000000       9.889000000000000E-003
  0.923188000000000       1.040000000000000E-002
  0.919196000000000       1.091300000000000E-002
  0.915144000000000       1.143000000000000E-002
  0.911034000000000       1.195200000000000E-002
  0.906865000000000       1.248200000000000E-002
  0.902636000000000       1.301800000000000E-002
  0.898345000000000       1.355800000000000E-002
  0.893994000000000       1.410100000000000E-002
  0.889581000000000       1.465100000000000E-002
  0.885107000000000       1.520900000000000E-002
  0.880571000000000       1.577100000000000E-002
  0.875971000000000       1.633500000000000E-002
  0.871307000000000       1.690000000000000E-002
  0.866581000000000       1.747100000000000E-002
  0.861791000000000       1.804800000000000E-002
  0.856937000000000       1.863100000000000E-002
  0.852017000000000       1.921700000000000E-002
  0.847034000000000       1.980600000000000E-002
  0.841985000000000       2.040300000000000E-002
  0.836870000000000       2.100400000000000E-002
  0.831689000000000       2.160600000000000E-002
  0.826442000000000       2.220800000000000E-002
  0.821128000000000       2.281800000000000E-002
  0.815749000000000       2.343700000000000E-002
  0.810302000000000       2.405700000000000E-002
  0.804787000000000       2.467600000000000E-002
  0.799205000000000       2.529800000000000E-002
  0.793556000000000       2.592700000000000E-002
  0.787839000000000       2.655900000000000E-002
  0.782053000000000       2.719100000000000E-002
  0.776200000000000       2.782800000000000E-002
  0.770279000000000       2.847100000000000E-002
  0.764289000000000       2.911400000000000E-002
  0.758230000000000       2.975800000000000E-002
  0.752104000000000       3.040900000000000E-002
  0.745908000000000       3.106100000000000E-002
  0.739643000000000       3.170800000000000E-002
  0.733309000000000       3.235900000000000E-002
  0.726908000000000       3.302000000000000E-002
  0.720437000000000       3.367800000000000E-002
  0.713898000000000       3.433200000000000E-002
  0.707290000000000       3.498900000000000E-002
  0.700613000000000       3.565000000000000E-002
  0.693869000000000       3.631000000000000E-002
  0.687055000000000       3.696700000000000E-002
  0.680168000000000       3.762400000000000E-002
  0.673202000000000       3.828700000000000E-002
  0.666156000000000       3.895000000000000E-002
  0.659031000000000       3.961100000000000E-002
  0.651826000000000       4.027300000000000E-002
  0.644542000000000       4.093200000000000E-002
  0.637178000000000       4.158900000000000E-002
  0.629735000000000       4.225000000000000E-002
  0.622213000000000       4.291100000000000E-002
  0.614610000000000       4.356100000000000E-002
  0.606928000000000       4.420800000000000E-002
  0.599168000000000       4.485700000000000E-002
  0.591329000000000       4.550600000000000E-002
  0.583411000000000       4.614500000000000E-002
  0.575414000000000       4.677600000000000E-002
  0.567339000000000       4.740900000000000E-002
  0.559187000000000       4.804200000000000E-002
  0.550956000000000       4.865600000000000E-002
  0.542649000000000       4.926500000000000E-002
  0.534266000000000       4.987400000000000E-002
  0.525806000000000       5.046900000000000E-002
  0.517270000000000       5.105100000000000E-002
  0.508660000000000       5.162500000000000E-002
  0.499976000000000       5.218900000000000E-002
  0.491219000000000       5.273900000000000E-002
  0.482389000000000       5.328200000000000E-002
  0.473488000000000       5.381100000000000E-002
  0.464515000000000       5.432600000000000E-002
  0.455472000000000       5.482100000000000E-002
  0.446360000000000       5.529400000000000E-002
  0.437182000000000       5.575900000000000E-002
  0.427936000000000       5.619900000000000E-002
  0.418625000000000       5.662000000000000E-002
  0.409249000000000       5.702000000000000E-002
  0.399812000000000       5.739200000000000E-002
  0.390313000000000       5.773900000000000E-002
  0.380755000000000       5.806700000000000E-002
  0.371140000000000       5.835800000000000E-002
  0.361468000000000       5.862000000000000E-002
  0.351742000000000       5.885500000000000E-002
  0.341964000000000       5.905400000000000E-002
  0.332211000000000       5.921800000000000E-002
  0.322541000000000       5.934700000000000E-002
  0.312950000000000       5.943000000000000E-002
  0.304732000000000       5.947000000000000E-002
  0.296572000000000       5.948800000000000E-002
  0.288463000000000       5.947200000000000E-002
  0.280402000000000       5.942300000000000E-002
  0.272385000000000       5.934100000000000E-002
  0.264407000000000       5.922700000000000E-002
  0.256466000000000       5.908000000000000E-002
  0.248564000000000       5.890200000000000E-002
  0.240701000000000       5.869000000000000E-002
  0.232881000000000       5.844300000000000E-002
  0.225110000000000       5.815900000000000E-002
  0.217394000000000       5.783800000000000E-002
  0.209739000000000       5.748000000000000E-002
  0.202153000000000       5.708600000000000E-002
  0.194643000000000       5.665400000000000E-002
  0.187219000000000       5.618600000000000E-002
  0.179889000000000       5.567900000000000E-002
  0.172659000000000       5.513400000000000E-002
  0.165543000000000       5.455200000000000E-002
  0.158536000000000       5.393300000000000E-002
  0.151643000000000       5.327800000000000E-002
  0.144866000000000       5.258700000000000E-002
  0.138210000000000       5.185800000000000E-002
  0.131679000000000       5.109100000000000E-002
  0.125301000000000       5.029000000000000E-002
  0.119093000000000       4.946000000000000E-002
  0.113015000000000       4.859700000000000E-002
  0.107094000000000       4.770600000000000E-002
  0.101376000000000       4.679200000000000E-002
  9.577300000000000E-002  4.584200000000000E-002
  9.031500000000001E-002  4.486000000000000E-002
  8.502700000000001E-002  4.385200000000000E-002
  7.988600000000000E-002  4.281600000000000E-002
  7.490900000000000E-002  4.175500000000000E-002
  7.009600000000001E-002  4.067100000000000E-002
  6.544800000000001E-002  3.956300000000000E-002
  6.095400000000000E-002  3.843000000000000E-002
  5.662500000000000E-002  3.727500000000000E-002
  5.246500000000000E-002  3.610000000000000E-002
  4.847200000000000E-002  3.490500000000000E-002
  4.463100000000000E-002  3.368800000000000E-002
  4.095500000000000E-002  3.245500000000000E-002
  3.743800000000000E-002  3.120400000000000E-002
  3.408000000000000E-002  2.993200000000000E-002
  3.088200000000000E-002  2.864000000000000E-002
  2.784700000000000E-002  2.733200000000000E-002
  2.497400000000000E-002  2.601000000000000E-002
  2.226200000000000E-002  2.467600000000000E-002
  1.971500000000000E-002  2.333100000000000E-002
  1.733700000000000E-002  2.198000000000000E-002
  1.511400000000000E-002  2.061700000000000E-002
  1.306700000000000E-002  1.925500000000000E-002
  1.119000000000000E-002  1.789100000000000E-002
  9.482000000000001E-003  1.653300000000000E-002
  7.934999999999999E-003  1.518400000000000E-002
  6.587000000000000E-003  1.388500000000000E-002
  5.390000000000000E-003  1.260500000000000E-002
  4.348000000000000E-003  1.135700000000000E-002
  3.445000000000000E-003  1.013800000000000E-002
  2.682000000000000E-003  8.969000000000000E-003
  2.062000000000000E-003  7.887000000000000E-003
  1.547000000000000E-003  6.852000000000000E-003
  1.130000000000000E-003  5.876000000000000E-003
  7.970000000000000E-004  4.948000000000000E-003
  5.400000000000000E-004  4.082000000000000E-003
  3.500000000000000E-004  3.291000000000000E-003
  2.110000000000000E-004  2.558000000000000E-003
  1.140000000000000E-004  1.873000000000000E-003
  4.900000000000000E-005  1.235000000000000E-003
  1.300000000000000E-005  6.430000000000000E-004
  0.000000000000000E+000  1.010000000000000E-004
  6.000000000000000E-006 -4.200000000000000E-004
  3.000000000000000E-005 -9.690000000000000E-004
  7.900000000000000E-005 -1.561000000000000E-003
  1.570000000000000E-004 -2.204000000000000E-003
  2.720000000000000E-004 -2.903000000000000E-003
  4.340000000000000E-004 -3.665000000000000E-003
  6.530000000000000E-004 -4.486000000000000E-003
  9.410000000000000E-004 -5.371000000000000E-003
  1.299000000000000E-003 -6.290000000000000E-003
  1.745000000000000E-003 -7.267000000000000E-003
  2.293000000000000E-003 -8.307999999999999E-003
  2.955000000000000E-003 -9.405999999999999E-003
  3.726000000000000E-003 -1.053400000000000E-002
  4.604000000000000E-003 -1.167700000000000E-002
  5.621000000000000E-003 -1.286300000000000E-002
  6.779000000000000E-003 -1.407800000000000E-002
  8.092000000000000E-003 -1.532700000000000E-002
  9.552000000000000E-003 -1.659200000000000E-002
  1.113700000000000E-002 -1.785100000000000E-002
  1.287600000000000E-002 -1.912100000000000E-002
  1.478000000000000E-002 -2.040200000000000E-002
  1.684700000000000E-002 -2.168800000000000E-002
  1.907800000000000E-002 -2.297900000000000E-002
  2.147700000000000E-002 -2.427100000000000E-002
  2.404600000000000E-002 -2.556300000000000E-002
  2.678500000000000E-002 -2.685300000000000E-002
  2.969700000000000E-002 -2.814000000000000E-002
  3.278000000000000E-002 -2.941700000000000E-002
  3.603900000000000E-002 -3.068400000000000E-002
  3.947300000000000E-002 -3.193700000000000E-002
  4.308400000000000E-002 -3.317800000000000E-002
  4.686000000000000E-002 -3.440300000000000E-002
  5.080000000000000E-002 -3.561000000000000E-002
  5.490600000000000E-002 -3.679700000000000E-002
  5.917800000000000E-002 -3.796400000000000E-002
  6.361400000000000E-002 -3.910800000000000E-002
  6.821400000000000E-002 -4.023000000000000E-002
  7.297700000000000E-002 -4.132700000000000E-002
  7.790100000000000E-002 -4.240000000000000E-002
  8.298700000000001E-002 -4.344800000000000E-002
  8.823200000000000E-002 -4.447000000000000E-002
  9.363600000000000E-002 -4.546400000000000E-002
  9.919799999999999E-002 -4.642900000000000E-002
  0.104916000000000      -4.736400000000000E-002
  0.110790000000000      -4.826900000000000E-002
  0.116817000000000      -4.914300000000000E-002
  0.122996000000000      -4.998700000000000E-002
  0.129327000000000      -5.080100000000000E-002
  0.135807000000000      -5.158200000000000E-002
  0.142435000000000      -5.232700000000000E-002
  0.149209000000000      -5.303600000000000E-002
  0.156129000000000      -5.371000000000000E-002
  0.163191000000000      -5.435000000000000E-002
  0.170395000000000      -5.495400000000000E-002
  0.177739000000000      -5.552200000000000E-002
  0.185221000000000      -5.605200000000000E-002
  0.192839000000000      -5.654400000000000E-002
  0.200593000000000      -5.699900000000000E-002
  0.208479000000000      -5.741800000000000E-002
  0.216497000000000      -5.779800000000000E-002
  0.224645000000000      -5.814000000000000E-002
  0.232922000000000      -5.844400000000000E-002
  0.241325000000000      -5.870800000000000E-002
  0.249854000000000      -5.893300000000000E-002
  0.258507000000000      -5.912100000000000E-002
  0.267282000000000      -5.927200000000000E-002
  0.276178000000000      -5.938400000000000E-002
  0.285195000000000      -5.945700000000000E-002
  0.294330000000000      -5.948700000000000E-002
  0.303582000000000      -5.947500000000000E-002
  0.312950000000000      -5.943000000000000E-002
  0.322541000000000      -5.934700000000000E-002
  0.332211000000000      -5.921800000000000E-002
  0.341964000000000      -5.905400000000000E-002
  0.351742000000000      -5.885500000000000E-002
  0.361468000000000      -5.862000000000000E-002
  0.371140000000000      -5.835800000000000E-002
  0.380756000000000      -5.806700000000000E-002
  0.390313000000000      -5.773900000000000E-002
  0.399812000000000      -5.739200000000000E-002
  0.409250000000000      -5.702000000000000E-002
  0.418625000000000      -5.662000000000000E-002
  0.427936000000000      -5.619900000000000E-002
  0.437182000000000      -5.575900000000000E-002
  0.446361000000000      -5.529400000000000E-002
  0.455472000000000      -5.482100000000000E-002
  0.464515000000000      -5.432600000000000E-002
  0.473488000000000      -5.381100000000000E-002
  0.482390000000000      -5.328200000000000E-002
  0.491219000000000      -5.273900000000000E-002
  0.499976000000000      -5.218900000000000E-002
  0.508660000000000      -5.162500000000000E-002
  0.517270000000000      -5.105100000000000E-002
  0.525806000000000      -5.046900000000000E-002
  0.534266000000000      -4.987400000000000E-002
  0.542649000000000      -4.926500000000000E-002
  0.550956000000000      -4.865600000000000E-002
  0.559187000000000      -4.804200000000000E-002
  0.567339000000000      -4.740900000000000E-002
  0.575414000000000      -4.677600000000000E-002
  0.583411000000000      -4.614500000000000E-002
  0.591329000000000      -4.550600000000000E-002
  0.599168000000000      -4.485700000000000E-002
  0.606928000000000      -4.420800000000000E-002
  0.614610000000000      -4.356100000000000E-002
  0.622213000000000      -4.291100000000000E-002
  0.629735000000000      -4.225000000000000E-002
  0.637178000000000      -4.158900000000000E-002
  0.644542000000000      -4.093200000000000E-002
  0.651826000000000      -4.027300000000000E-002
  0.659031000000000      -3.961100000000000E-002
  0.666156000000000      -3.895000000000000E-002
  0.673202000000000      -3.828700000000000E-002
  0.680168000000000      -3.762400000000000E-002
  0.687055000000000      -3.696700000000000E-002
  0.693869000000000      -3.631000000000000E-002
  0.700614000000000      -3.565000000000000E-002
  0.707290000000000      -3.498900000000000E-002
  0.713898000000000      -3.433200000000000E-002
  0.720437000000000      -3.367800000000000E-002
  0.726908000000000      -3.302000000000000E-002
  0.733309000000000      -3.235900000000000E-002
  0.739643000000000      -3.170800000000000E-002
  0.745908000000000      -3.106100000000000E-002
  0.752104000000000      -3.040900000000000E-002
  0.758231000000000      -2.975800000000000E-002
  0.764289000000000      -2.911400000000000E-002
  0.770279000000000      -2.847100000000000E-002
  0.776200000000000      -2.782800000000000E-002
  0.782053000000000      -2.719100000000000E-002
  0.787839000000000      -2.655900000000000E-002
  0.793556000000000      -2.592700000000000E-002
  0.799205000000000      -2.529800000000000E-002
  0.804787000000000      -2.467600000000000E-002
  0.810302000000000      -2.405700000000000E-002
  0.815749000000000      -2.343700000000000E-002
  0.821128000000000      -2.281800000000000E-002
  0.826442000000000      -2.220800000000000E-002
  0.831689000000000      -2.160600000000000E-002
  0.836870000000000      -2.100400000000000E-002
  0.841985000000000      -2.040300000000000E-002
  0.847034000000000      -1.980600000000000E-002
  0.852018000000000      -1.921700000000000E-002
  0.856937000000000      -1.863100000000000E-002
  0.861791000000000      -1.804800000000000E-002
  0.866581000000000      -1.747100000000000E-002
  0.871307000000000      -1.690000000000000E-002
  0.875971000000000      -1.633500000000000E-002
  0.880571000000000      -1.577100000000000E-002
  0.885107000000000      -1.520900000000000E-002
  0.889582000000000      -1.465100000000000E-002
  0.893994000000000      -1.410100000000000E-002
  0.898345000000000      -1.355800000000000E-002
  0.902636000000000      -1.301800000000000E-002
  0.906865000000000      -1.248200000000000E-002
  0.911034000000000      -1.195200000000000E-002
  0.915144000000000      -1.143000000000000E-002
  0.919196000000000      -1.091300000000000E-002
  0.923188000000000      -1.040000000000000E-002
  0.927122000000000      -9.889000000000000E-003
  0.930998000000000      -9.381000000000000E-003
  0.934817000000000      -8.881000000000000E-003
  0.938579000000000      -8.387000000000000E-003
  0.942285000000000      -7.901000000000000E-003
  0.945936000000000      -7.419000000000000E-003
  0.949532000000000      -6.942000000000000E-003
  0.953073000000000      -6.469000000000000E-003
  0.956560000000000      -6.001000000000000E-003
  0.959993000000000      -5.539000000000000E-003
  0.963373000000000      -5.082000000000000E-003
  0.966701000000000      -4.631000000000000E-003
  0.969978000000000      -4.187000000000000E-003
  0.973203000000000      -3.747000000000000E-003
  0.976377000000000      -3.310000000000000E-003
  0.979500000000000      -2.874000000000000E-003
  0.982573000000000      -2.444000000000000E-003
  0.985597000000000      -2.027000000000000E-003
  0.988572000000000      -1.607000000000000E-003
  0.991501000000000      -1.204000000000000E-003
  0.994380000000000      -7.950000000000000E-004
  0.997214000000000      -4.000000000000000E-004
   2.43675736905003      -0.415639145371783     
   2.30755308286762      -0.813289049887866     
   2.09849615633231       -1.17538626832121     
   1.81872338030013       -1.48610541469105     
   1.48046216758242       -1.73186657130514     
   1.09849615633231       -1.90192879632657     
  0.689519094117724       -1.98885955447281     
  0.271405241047110       -1.98885955447281     
 -0.137571821167477       -1.90192879632657     
 -0.519537832417583       -1.73186657130514     
 -0.857799045135299       -1.48610541469105     
  -1.13757182116748       -1.17538626832121     
  -1.34662874770278      -0.813289049887863     
  -1.47583303388519      -0.415639145371782     
  -1.51953783241758       1.842362637365091E-004
  -1.47583303388519       0.416007617899256     
  -1.34662874770278       0.813657522415337     
  -1.13757182116748        1.17575474084868     
 -0.857799045135298        1.48647388721853     
 -0.519537832417582        1.73223504383261     
 -0.137571821167477        1.90229726885404     
  0.271405241047111        1.98922802700028     
  0.689519094117725        1.98922802700028     
   1.09849615633231        1.90229726885404     
   1.48046216758242        1.73223504383261     
   1.81872338030013        1.48647388721852     
   2.09849615633231        1.17575474084868     
   2.30755308286762       0.813657522415337     
   2.43675736905003       0.416007617899255     
   2.48046216758242       1.842362637362642E-004
